,w1,w2,w3,w4,w5,w6,w7,w8,w9,w10,w11,w12,w13,w14,w15,w16,w17,w18,w19,w20,w21,w22,w23,w24,w25,w26,w27,w28
0,0.0,0.0,0.0,0.0,0.0,0.0,0.0,0.0,8.0,9.0,11.0,14.0,16.0,11.0,12.0,8.0,7.0,10.0,14.0,7.0,9.0,13.0,10.0,12.0,12.0,13.0,14.0,8.0
1,0.0,0.0,0.0,0.0,0.0,0.0,0.0,0.0,5.0,14.0,10.0,9.0,12.0,10.0,11.0,8.0,7.0,9.0,12.0,13.0,9.0,14.0,9.0,11.0,11.0,12.0,15.0,8.0
2,0.0,0.0,0.0,0.0,0.0,0.0,0.0,0.0,2.0,14.0,12.0,9.0,13.0,10.0,11.0,9.0,11.0,12.0,9.0,13.0,12.0,13.0,10.0,11.0,10.0,12.0,15.0,10.0
3,0.0,0.0,0.0,0.0,0.0,0.0,0.0,0.0,2.0,16.0,14.0,11.0,9.0,15.0,11.0,10.0,13.0,13.0,7.0,11.0,14.0,11.0,12.0,11.0,9.0,14.0,11.0,10.0
4,0.0,0.0,0.0,0.0,0.0,0.0,0.0,0.0,3.0,13.0,15.0,10.0,9.0,14.0,10.0,11.0,14.0,15.0,9.0,11.0,13.0,10.0,12.0,11.0,9.0,11.0,9.0,9.0
5,0.0,0.0,0.0,0.0,0.0,0.0,0.0,0.0,8.0,10.0,12.0,15.0,11.0,11.0,9.0,11.0,13.0,13.0,11.0,11.0,11.0,7.0,12.0,12.0,7.0,11.0,8.0,10.0
6,0.0,0.0,0.0,0.0,0.0,0.0,0.0,0.0,8.0,13.0,10.0,13.0,10.0,11.0,13.0,10.0,9.0,10.0,14.0,8.0,10.0,8.0,9.0,10.0,9.0,9.0,9.0,8.0
7,0.0,0.0,0.0,0.0,0.0,0.0,0.0,0.0,8.0,13.0,8.0,13.0,12.0,9.0,12.0,13.0,11.0,9.0,13.0,10.0,9.0,9.0,7.0,12.0,8.0,9.0,9.0,9.0
8,0.0,0.0,0.0,0.0,0.0,0.0,0.0,0.0,7.0,15.0,10.0,13.0,13.0,13.0,13.0,13.0,9.0,10.0,12.0,12.0,12.0,13.0,8.0,9.0,12.0,13.0,12.0,12.0
9,0.0,0.0,0.0,0.0,0.0,0.0,0.0,0.0,5.0,16.0,13.0,8.0,13.0,13.0,11.0,10.0,9.0,7.0,11.0,13.0,16.0,15.0,10.0,9.0,13.0,15.0,10.0,12.0
10,0.0,0.0,0.0,0.0,0.0,0.0,0.0,0.0,3.0,13.0,14.0,10.0,12.0,12.0,8.0,9.0,11.0,12.0,11.0,10.0,14.0,13.0,11.0,8.0,8.0,17.0,9.0,14.0
11,0.0,0.0,0.0,0.0,0.0,0.0,0.0,0.0,3.0,12.0,17.0,7.0,10.0,12.0,9.0,11.0,11.0,13.0,12.0,9.0,14.0,14.0,14.0,9.0,11.0,16.0,11.0,13.0
12,0.0,0.0,0.0,0.0,0.0,0.0,0.0,0.0,3.0,13.0,16.0,10.0,8.0,10.0,14.0,11.0,12.0,12.0,13.0,8.0,12.0,13.0,12.0,12.0,11.0,13.0,12.0,10.0
13,0.0,0.0,0.0,0.0,0.0,0.0,0.0,0.0,8.0,16.0,15.0,11.0,7.0,9.0,15.0,13.0,15.0,14.0,10.0,10.0,12.0,13.0,10.0,16.0,12.0,9.0,12.0,7.0
14,0.0,0.0,0.0,0.0,0.0,0.0,0.0,0.0,10.0,14.0,13.0,12.0,10.0,9.0,11.0,13.0,14.0,11.0,12.0,10.0,12.0,12.0,9.0,13.0,13.0,8.0,9.0,8.0
15,0.0,0.0,0.0,0.0,0.0,0.0,0.0,0.0,9.0,15.0,11.0,13.0,11.0,11.0,10.0,11.0,14.0,15.0,11.0,11.0,14.0,12.0,10.0,12.0,11.0,10.0,9.0,11.0
16,0.0,0.0,0.0,0.0,0.0,0.0,0.0,0.0,8.0,14.0,13.0,15.0,16.0,15.0,11.0,12.0,13.0,12.0,13.0,10.0,14.0,13.0,14.0,11.0,13.0,12.0,9.0,14.0
17,0.0,0.0,0.0,0.0,0.0,0.0,0.0,0.0,2.0,14.0,13.0,13.0,15.0,17.0,15.0,13.0,13.0,14.0,14.0,10.0,13.0,13.0,14.0,11.0,13.0,15.0,9.0,13.0
18,0.0,0.0,0.0,0.0,0.0,0.0,0.0,0.0,4.0,15.0,15.0,12.0,14.0,16.0,13.0,15.0,11.0,12.0,15.0,13.0,12.0,12.0,16.0,10.0,12.0,11.0,12.0,13.0
19,0.0,0.0,0.0,0.0,0.0,0.0,0.0,0.0,10.0,17.0,16.0,12.0,15.0,16.0,11.0,15.0,10.0,12.0,15.0,16.0,14.0,12.0,16.0,11.0,9.0,10.0,13.0,12.0
20,0.0,0.0,0.0,0.0,0.0,0.0,0.0,0.0,10.0,17.0,17.0,14.0,16.0,17.0,14.0,17.0,11.0,12.0,15.0,13.0,12.0,11.0,15.0,13.0,12.0,11.0,14.0,12.0
21,0.0,0.0,0.0,0.0,0.0,0.0,0.0,0.0,8.0,17.0,16.0,13.0,16.0,14.0,15.0,12.0,12.0,14.0,13.0,9.0,15.0,12.0,15.0,13.0,15.0,13.0,14.0,12.0
22,0.0,0.0,0.0,0.0,0.0,0.0,0.0,0.0,9.0,14.0,15.0,15.0,14.0,13.0,15.0,9.0,14.0,13.0,13.0,11.0,12.0,14.0,14.0,12.0,14.0,11.0,10.0,15.0
23,0.0,0.0,0.0,0.0,0.0,0.0,0.0,0.0,8.0,12.0,13.0,16.0,13.0,13.0,11.0,11.0,15.0,14.0,12.0,10.0,13.0,14.0,13.0,10.0,12.0,13.0,11.0,15.0
24,0.0,0.0,0.0,0.0,0.0,0.0,0.0,0.0,4.0,11.0,14.0,14.0,14.0,13.0,8.0,13.0,14.0,15.0,14.0,12.0,14.0,11.0,13.0,12.0,12.0,11.0,13.0,15.0
25,0.0,0.0,0.0,0.0,0.0,0.0,0.0,0.0,2.0,11.0,13.0,13.0,13.0,15.0,9.0,12.0,9.0,13.0,12.0,11.0,15.0,9.0,12.0,14.0,11.0,14.0,14.0,13.0
26,0.0,0.0,0.0,0.0,0.0,0.0,0.0,0.0,6.0,14.0,13.0,13.0,15.0,12.0,11.0,10.0,10.0,9.0,11.0,13.0,12.0,10.0,13.0,14.0,12.0,11.0,12.0,11.0
27,0.0,0.0,0.0,0.0,0.0,0.0,0.0,0.0,7.0,14.0,16.0,13.0,13.0,11.0,15.0,13.0,11.0,10.0,9.0,10.0,12.0,14.0,11.0,13.0,11.0,13.0,14.0,11.0
28,0.0,0.0,0.0,0.0,0.0,0.0,0.0,0.0,8.0,16.0,15.0,13.0,12.0,11.0,17.0,12.0,12.0,9.0,10.0,10.0,12.0,12.0,10.0,13.0,14.0,13.0,12.0,13.0
29,0.0,0.0,0.0,0.0,0.0,0.0,0.0,0.0,7.0,14.0,16.0,10.0,10.0,14.0,13.0,12.0,12.0,13.0,12.0,12.0,11.0,10.0,11.0,11.0,12.0,14.0,14.0,13.0
30,0.0,0.0,0.0,0.0,0.0,0.0,0.0,0.0,9.0,14.0,13.0,11.0,12.0,17.0,12.0,9.0,13.0,15.0,11.0,14.0,14.0,12.0,12.0,12.0,10.0,11.0,12.0,13.0
31,0.0,0.0,0.0,0.0,0.0,0.0,0.0,0.0,7.0,14.0,15.0,12.0,12.0,15.0,11.0,11.0,15.0,13.0,11.0,14.0,14.0,13.0,13.0,12.0,9.0,9.0,13.0,10.0
32,0.0,0.0,0.0,0.0,0.0,0.0,0.0,0.0,4.0,15.0,10.0,14.0,14.0,13.0,13.0,13.0,11.0,10.0,10.0,11.0,13.0,16.0,12.0,11.0,13.0,10.0,8.0,10.0
33,0.0,0.0,0.0,0.0,0.0,0.0,0.0,0.0,3.0,15.0,12.0,14.0,12.0,12.0,14.0,14.0,10.0,7.0,12.0,10.0,12.0,14.0,14.0,10.0,13.0,14.0,11.0,9.0
34,0.0,0.0,0.0,0.0,0.0,0.0,0.0,0.0,3.0,12.0,9.0,11.0,11.0,12.0,15.0,11.0,8.0,6.0,14.0,10.0,9.0,12.0,14.0,11.0,13.0,15.0,12.0,10.0
35,0.0,0.0,0.0,0.0,0.0,0.0,0.0,0.0,6.0,13.0,13.0,12.0,14.0,11.0,13.0,10.0,10.0,5.0,16.0,11.0,8.0,12.0,15.0,11.0,12.0,16.0,12.0,12.0
36,0.0,0.0,0.0,0.0,0.0,0.0,0.0,0.0,6.0,10.0,14.0,11.0,16.0,13.0,14.0,10.0,10.0,10.0,15.0,12.0,8.0,9.0,11.0,10.0,9.0,14.0,16.0,12.0
37,0.0,0.0,0.0,0.0,0.0,0.0,0.0,0.0,6.0,14.0,13.0,14.0,14.0,15.0,11.0,11.0,9.0,14.0,12.0,11.0,10.0,10.0,8.0,9.0,10.0,11.0,11.0,13.0
38,0.0,0.0,0.0,0.0,0.0,0.0,0.0,0.0,4.0,12.0,13.0,11.0,14.0,17.0,12.0,15.0,7.0,13.0,11.0,9.0,9.0,12.0,8.0,8.0,11.0,9.0,9.0,12.0
39,0.0,0.0,0.0,0.0,0.0,0.0,0.0,0.0,5.0,11.0,12.0,11.0,14.0,16.0,12.0,11.0,6.0,11.0,10.0,10.0,11.0,12.0,11.0,12.0,12.0,8.0,8.0,9.0
40,0.0,0.0,0.0,0.0,0.0,0.0,0.0,0.0,4.0,11.0,12.0,14.0,14.0,15.0,14.0,10.0,12.0,8.0,10.0,12.0,13.0,12.0,15.0,11.0,11.0,10.0,8.0,8.0
41,0.0,0.0,0.0,0.0,0.0,0.0,0.0,0.0,6.0,12.0,13.0,13.0,15.0,14.0,14.0,10.0,14.0,7.0,11.0,15.0,13.0,10.0,18.0,13.0,11.0,11.0,12.0,8.0
42,0.0,0.0,0.0,0.0,0.0,0.0,0.0,0.0,6.0,12.0,13.0,14.0,12.0,13.0,14.0,10.0,11.0,10.0,13.0,16.0,12.0,11.0,17.0,15.0,12.0,13.0,11.0,10.0
43,0.0,0.0,0.0,0.0,0.0,0.0,0.0,0.0,7.0,12.0,15.0,14.0,11.0,12.0,13.0,14.0,8.0,12.0,13.0,17.0,11.0,10.0,14.0,13.0,12.0,12.0,12.0,11.0
44,0.0,0.0,0.0,0.0,0.0,0.0,0.0,0.0,5.0,12.0,13.0,12.0,10.0,15.0,13.0,16.0,9.0,14.0,14.0,17.0,10.0,12.0,14.0,13.0,14.0,14.0,13.0,12.0
45,0.0,0.0,0.0,0.0,0.0,0.0,0.0,0.0,7.0,14.0,11.0,12.0,12.0,12.0,12.0,14.0,13.0,13.0,10.0,13.0,9.0,11.0,10.0,11.0,13.0,14.0,14.0,12.0
46,0.0,0.0,0.0,0.0,0.0,0.0,0.0,0.0,3.0,13.0,13.0,12.0,13.0,14.0,13.0,10.0,15.0,13.0,11.0,8.0,11.0,12.0,9.0,12.0,12.0,13.0,12.0,12.0
47,0.0,0.0,0.0,0.0,0.0,0.0,0.0,0.0,6.0,15.0,14.0,14.0,14.0,12.0,14.0,7.0,12.0,12.0,10.0,10.0,10.0,10.0,9.0,15.0,11.0,15.0,12.0,12.0
48,0.0,0.0,0.0,0.0,0.0,0.0,0.0,0.0,4.0,14.0,14.0,14.0,11.0,15.0,14.0,7.0,12.0,12.0,10.0,13.0,13.0,11.0,10.0,15.0,13.0,14.0,12.0,12.0
49,0.0,0.0,0.0,0.0,0.0,0.0,0.0,0.0,2.0,14.0,10.0,10.0,11.0,14.0,13.0,12.0,12.0,11.0,8.0,13.0,12.0,13.0,11.0,13.0,11.0,14.0,12.0,12.0
50,0.0,0.0,0.0,0.0,0.0,0.0,0.0,0.0,7.0,14.0,9.0,12.0,10.0,12.0,13.0,13.0,11.0,10.0,10.0,15.0,7.0,11.0,11.0,13.0,12.0,11.0,14.0,12.0
51,0.0,0.0,0.0,0.0,0.0,0.0,0.0,0.0,6.0,13.0,12.0,13.0,12.0,10.0,14.0,14.0,13.0,12.0,14.0,13.0,10.0,13.0,10.0,13.0,10.0,10.0,15.0,13.0
52,0.0,0.0,0.0,0.0,0.0,0.0,0.0,0.0,9.0,10.0,14.0,18.0,13.0,9.0,16.0,11.0,14.0,12.0,13.0,15.0,12.0,13.0,10.0,12.0,11.0,9.0,12.0,13.0
53,0.0,0.0,0.0,0.0,0.0,0.0,0.0,0.0,6.0,11.0,15.0,18.0,17.0,12.0,15.0,10.0,15.0,12.0,12.0,15.0,15.0,11.0,10.0,11.0,8.0,13.0,10.0,12.0
54,0.0,0.0,0.0,0.0,0.0,0.0,0.0,0.0,4.0,11.0,14.0,14.0,16.0,15.0,13.0,9.0,13.0,11.0,12.0,15.0,15.0,10.0,10.0,10.0,8.0,16.0,8.0,9.0
55,0.0,0.0,0.0,0.0,0.0,0.0,0.0,0.0,4.0,16.0,14.0,12.0,13.0,16.0,13.0,13.0,11.0,11.0,15.0,14.0,12.0,10.0,13.0,12.0,9.0,14.0,11.0,9.0
56,0.0,0.0,0.0,0.0,0.0,0.0,0.0,0.0,7.0,15.0,13.0,13.0,13.0,17.0,14.0,13.0,8.0,10.0,14.0,9.0,9.0,13.0,14.0,13.0,10.0,14.0,9.0,11.0
57,0.0,0.0,0.0,0.0,0.0,0.0,0.0,0.0,9.0,13.0,14.0,13.0,14.0,15.0,16.0,15.0,9.0,12.0,15.0,9.0,8.0,13.0,12.0,15.0,11.0,13.0,12.0,11.0
58,0.0,0.0,0.0,0.0,0.0,0.0,0.0,0.0,8.0,13.0,12.0,13.0,16.0,14.0,17.0,14.0,10.0,12.0,11.0,9.0,8.0,14.0,10.0,13.0,11.0,13.0,12.0,11.0
59,1.0,0.0,0.0,0.0,0.0,0.0,0.0,0.0,6.0,13.0,14.0,13.0,17.0,10.0,14.0,13.0,12.0,10.0,11.0,11.0,14.0,11.0,9.0,10.0,13.0,13.0,11.0,8.0
60,1.0,0.0,0.0,0.0,0.0,0.0,0.0,0.0,4.0,14.0,15.0,13.0,11.0,11.0,9.0,12.0,13.0,9.0,8.0,12.0,14.0,10.0,10.0,8.0,12.0,11.0,11.0,10.0
61,1.0,0.0,0.0,0.0,0.0,0.0,0.0,0.0,4.0,15.0,14.0,13.0,11.0,10.0,8.0,11.0,14.0,8.0,11.0,12.0,12.0,8.0,11.0,9.0,9.0,11.0,11.0,12.0
62,1.0,0.0,0.0,0.0,0.0,0.0,0.0,0.0,4.0,16.0,12.0,13.0,9.0,11.0,9.0,13.0,12.0,12.0,11.0,13.0,11.0,9.0,11.0,13.0,8.0,12.0,14.0,12.0
63,1.0,0.0,0.0,0.0,0.0,0.0,0.0,0.0,8.0,14.0,12.0,12.0,11.0,11.0,11.0,13.0,13.0,12.0,14.0,12.0,7.0,12.0,11.0,12.0,10.0,15.0,14.0,10.0
64,1.0,0.0,0.0,0.0,0.0,0.0,0.0,0.0,6.0,11.0,8.0,11.0,8.0,11.0,10.0,15.0,13.0,9.0,10.0,11.0,11.0,10.0,13.0,12.0,10.0,15.0,13.0,10.0
65,1.0,0.0,0.0,0.0,0.0,0.0,0.0,0.0,4.0,10.0,10.0,9.0,9.0,13.0,13.0,13.0,9.0,7.0,9.0,10.0,11.0,10.0,11.0,14.0,11.0,14.0,10.0,11.0
66,1.0,0.0,0.0,0.0,0.0,0.0,0.0,0.0,5.0,11.0,14.0,10.0,12.0,13.0,15.0,10.0,12.0,8.0,11.0,10.0,13.0,11.0,13.0,11.0,11.0,12.0,9.0,14.0
67,1.0,0.0,0.0,0.0,0.0,0.0,0.0,0.0,5.0,15.0,16.0,12.0,17.0,14.0,16.0,10.0,12.0,12.0,11.0,13.0,12.0,10.0,11.0,11.0,13.0,12.0,10.0,14.0
68,1.0,0.0,0.0,0.0,0.0,0.0,0.0,0.0,5.0,17.0,16.0,12.0,17.0,15.0,15.0,8.0,15.0,14.0,13.0,14.0,13.0,11.0,9.0,9.0,13.0,13.0,11.0,13.0
69,1.0,0.0,0.0,0.0,0.0,0.0,0.0,0.0,6.0,17.0,12.0,11.0,13.0,15.0,12.0,12.0,15.0,13.0,12.0,14.0,14.0,11.0,11.0,12.0,15.0,13.0,13.0,11.0
70,1.0,0.0,0.0,0.0,0.0,0.0,0.0,0.0,6.0,13.0,12.0,12.0,15.0,14.0,12.0,12.0,13.0,13.0,13.0,13.0,15.0,13.0,12.0,12.0,13.0,14.0,12.0,10.0
71,1.0,0.0,0.0,0.0,0.0,0.0,0.0,0.0,7.0,10.0,13.0,13.0,17.0,12.0,13.0,15.0,13.0,14.0,14.0,11.0,15.0,15.0,14.0,11.0,11.0,17.0,11.0,11.0
72,1.0,0.0,0.0,0.0,0.0,0.0,0.0,1.0,6.0,9.0,16.0,13.0,15.0,13.0,14.0,13.0,14.0,11.0,15.0,11.0,15.0,13.0,14.0,10.0,8.0,18.0,11.0,13.0
73,1.0,0.0,0.0,0.0,0.0,0.0,0.0,1.0,3.0,10.0,14.0,12.0,11.0,11.0,13.0,13.0,13.0,11.0,16.0,11.0,13.0,13.0,10.0,10.0,8.0,15.0,12.0,11.0
74,1.0,0.0,0.0,0.0,0.0,0.0,0.0,1.0,3.0,16.0,13.0,13.0,10.0,15.0,12.0,12.0,12.0,10.0,14.0,12.0,11.0,13.0,8.0,12.0,10.0,15.0,13.0,10.0
75,1.0,0.0,0.0,0.0,0.0,0.0,0.0,1.0,4.0,14.0,13.0,12.0,12.0,12.0,12.0,15.0,9.0,12.0,13.0,12.0,12.0,14.0,9.0,12.0,13.0,13.0,10.0,11.0
76,1.0,0.0,0.0,0.0,0.0,0.0,0.0,1.0,8.0,13.0,14.0,12.0,13.0,7.0,14.0,11.0,11.0,12.0,12.0,11.0,13.0,12.0,12.0,13.0,13.0,15.0,10.0,12.0
77,2.0,0.0,0.0,1.0,1.0,2.0,1.0,1.0,7.0,13.0,13.0,14.0,16.0,8.0,12.0,13.0,12.0,10.0,11.0,14.0,14.0,11.0,13.0,12.0,12.0,13.0,13.0,16.0
78,2.0,0.0,0.0,2.0,1.0,2.0,1.0,1.0,8.0,14.0,11.0,11.0,15.0,10.0,14.0,14.0,14.0,13.0,10.0,13.0,14.0,13.0,13.0,13.0,13.0,12.0,15.0,16.0
79,3.0,0.0,0.0,4.0,1.0,2.0,1.0,2.0,7.0,15.0,15.0,9.0,13.0,15.0,14.0,16.0,13.0,14.0,9.0,13.0,14.0,14.0,12.0,11.0,14.0,13.0,15.0,10.0
80,3.0,0.0,1.0,4.0,0.0,2.0,3.0,2.0,5.0,14.0,16.0,9.0,10.0,12.0,15.0,16.0,12.0,14.0,11.0,11.0,13.0,15.0,11.0,12.0,15.0,14.0,12.0,9.0
81,3.0,0.0,2.0,5.0,0.0,1.0,2.0,2.0,6.0,12.0,15.0,14.0,12.0,10.0,15.0,13.0,12.0,15.0,13.0,11.0,12.0,12.0,13.0,11.0,12.0,13.0,13.0,10.0
82,4.0,0.0,3.0,5.0,0.0,1.0,3.0,3.0,5.0,10.0,17.0,16.0,15.0,10.0,15.0,14.0,13.0,13.0,13.0,13.0,12.0,13.0,12.0,12.0,12.0,12.0,13.0,12.0
83,5.0,1.0,3.0,5.0,2.0,2.0,4.0,3.0,5.0,11.0,18.0,15.0,17.0,15.0,13.0,14.0,14.0,13.0,11.0,15.0,13.0,12.0,15.0,12.0,14.0,11.0,14.0,13.0
84,5.0,1.0,3.0,7.0,2.0,2.0,4.0,3.0,6.0,12.0,18.0,14.0,15.0,15.0,12.0,15.0,13.0,13.0,12.0,16.0,16.0,13.0,16.0,13.0,14.0,12.0,10.0,12.0
85,6.0,1.0,3.0,8.0,3.0,3.0,4.0,3.0,5.0,14.0,16.0,13.0,12.0,13.0,15.0,12.0,12.0,12.0,11.0,17.0,12.0,13.0,16.0,11.0,13.0,15.0,10.0,10.0
86,6.0,2.0,4.0,8.0,4.0,4.0,6.0,3.0,8.0,11.0,15.0,11.0,12.0,9.0,15.0,13.0,11.0,11.0,15.0,11.0,13.0,12.0,15.0,14.0,11.0,15.0,11.0,12.0
87,8.0,2.0,5.0,10.0,5.0,5.0,6.0,3.0,7.0,10.0,11.0,12.0,15.0,12.0,10.0,12.0,10.0,14.0,13.0,8.0,11.0,12.0,13.0,14.0,11.0,15.0,14.0,12.0
88,8.0,3.0,7.0,10.0,4.0,6.0,6.0,3.0,7.0,9.0,10.0,8.0,12.0,10.0,9.0,12.0,11.0,12.0,11.0,7.0,11.0,11.0,13.0,12.0,10.0,13.0,13.0,11.0
89,9.0,7.0,8.0,11.0,6.0,6.0,7.0,4.0,4.0,11.0,9.0,8.0,12.0,11.0,8.0,11.0,13.0,10.0,12.0,11.0,11.0,12.0,12.0,10.0,9.0,14.0,12.0,11.0
90,9.0,7.0,9.0,11.0,6.0,5.0,7.0,4.0,5.0,15.0,11.0,12.0,11.0,14.0,14.0,12.0,14.0,8.0,11.0,13.0,12.0,15.0,12.0,9.0,11.0,11.0,14.0,12.0
91,12.0,7.0,9.0,12.0,6.0,2.0,9.0,5.0,6.0,14.0,14.0,14.0,12.0,13.0,15.0,12.0,12.0,7.0,12.0,14.0,11.0,16.0,12.0,10.0,12.0,12.0,11.0,13.0
92,12.0,9.0,11.0,14.0,6.0,3.0,10.0,6.0,7.0,18.0,15.0,16.0,12.0,14.0,14.0,11.0,11.0,8.0,10.0,14.0,13.0,16.0,11.0,9.0,13.0,9.0,13.0,12.0
93,12.0,9.0,12.0,12.0,7.0,4.0,11.0,6.0,7.0,15.0,14.0,13.0,15.0,12.0,10.0,9.0,8.0,9.0,7.0,13.0,12.0,12.0,12.0,8.0,12.0,10.0,12.0,13.0
94,13.0,12.0,12.0,12.0,7.0,5.0,10.0,9.0,6.0,12.0,11.0,10.0,16.0,13.0,10.0,11.0,11.0,12.0,8.0,11.0,10.0,10.0,14.0,8.0,11.0,10.0,12.0,12.0
95,13.0,13.0,12.0,12.0,5.0,5.0,10.0,8.0,6.0,8.0,9.0,9.0,15.0,14.0,9.0,11.0,14.0,9.0,11.0,12.0,11.0,9.0,13.0,10.0,7.0,13.0,12.0,11.0
96,13.0,12.0,12.0,11.0,4.0,5.0,8.0,8.0,5.0,8.0,10.0,11.0,14.0,12.0,12.0,12.0,16.0,9.0,15.0,11.0,13.0,10.0,14.0,12.0,9.0,14.0,10.0,10.0
97,13.0,12.0,11.0,13.0,4.0,4.0,7.0,7.0,6.0,11.0,10.0,12.0,11.0,14.0,12.0,12.0,16.0,10.0,12.0,12.0,15.0,13.0,13.0,13.0,12.0,12.0,9.0,9.0
98,12.0,12.0,11.0,12.0,3.0,4.0,7.0,5.0,7.0,11.0,13.0,13.0,12.0,12.0,15.0,12.0,15.0,13.0,13.0,12.0,13.0,13.0,12.0,11.0,13.0,10.0,8.0,12.0
99,13.0,13.0,12.0,12.0,2.0,5.0,7.0,7.0,6.0,13.0,16.0,14.0,12.0,11.0,16.0,12.0,13.0,13.0,12.0,14.0,12.0,14.0,10.0,11.0,14.0,9.0,10.0,12.0
100,13.0,13.0,12.0,11.0,2.0,6.0,7.0,8.0,8.0,12.0,18.0,15.0,14.0,9.0,14.0,11.0,11.0,11.0,14.0,12.0,11.0,13.0,13.0,11.0,14.0,12.0,12.0,14.0
101,13.0,13.0,10.0,11.0,2.0,5.0,6.0,8.0,9.0,13.0,15.0,14.0,12.0,12.0,11.0,12.0,13.0,11.0,14.0,11.0,12.0,14.0,13.0,11.0,14.0,17.0,15.0,15.0
102,13.0,13.0,8.0,12.0,1.0,5.0,3.0,5.0,6.0,12.0,12.0,15.0,10.0,15.0,14.0,13.0,16.0,10.0,12.0,11.0,14.0,10.0,14.0,10.0,14.0,14.0,14.0,13.0
103,13.0,13.0,8.0,12.0,1.0,4.0,3.0,3.0,4.0,14.0,8.0,16.0,12.0,16.0,16.0,13.0,14.0,12.0,10.0,14.0,12.0,11.0,13.0,11.0,12.0,11.0,11.0,10.0
104,14.0,15.0,9.0,12.0,0.0,3.0,3.0,4.0,4.0,16.0,14.0,15.0,11.0,16.0,14.0,14.0,12.0,12.0,12.0,12.0,11.0,9.0,12.0,13.0,9.0,12.0,12.0,12.0
105,13.0,15.0,9.0,11.0,1.0,3.0,2.0,4.0,6.0,16.0,11.0,13.0,13.0,14.0,10.0,11.0,13.0,12.0,12.0,11.0,10.0,12.0,13.0,14.0,10.0,11.0,12.0,11.0
106,13.0,15.0,9.0,11.0,2.0,4.0,2.0,4.0,6.0,13.0,14.0,10.0,10.0,13.0,12.0,14.0,13.0,11.0,15.0,13.0,13.0,14.0,12.0,13.0,14.0,11.0,13.0,14.0
107,13.0,14.0,10.0,10.0,2.0,4.0,2.0,5.0,7.0,9.0,16.0,11.0,13.0,11.0,16.0,14.0,11.0,12.0,13.0,14.0,16.0,14.0,9.0,11.0,15.0,8.0,11.0,12.0
108,12.0,14.0,10.0,10.0,2.0,2.0,2.0,5.0,4.0,10.0,13.0,10.0,11.0,12.0,13.0,11.0,12.0,14.0,12.0,12.0,13.0,12.0,9.0,9.0,14.0,9.0,9.0,12.0
109,12.0,14.0,10.0,9.0,2.0,1.0,2.0,4.0,6.0,12.0,10.0,13.0,12.0,14.0,11.0,8.0,13.0,13.0,11.0,10.0,12.0,11.0,9.0,12.0,11.0,9.0,10.0,12.0
110,12.0,13.0,10.0,9.0,0.0,0.0,2.0,4.0,5.0,14.0,8.0,11.0,12.0,8.0,12.0,8.0,11.0,11.0,10.0,12.0,13.0,10.0,13.0,15.0,11.0,12.0,10.0,12.0
111,12.0,13.0,10.0,9.0,1.0,1.0,2.0,3.0,5.0,13.0,10.0,14.0,9.0,9.0,12.0,12.0,10.0,11.0,11.0,12.0,13.0,8.0,12.0,12.0,12.0,13.0,13.0,12.0
112,10.0,11.0,10.0,10.0,1.0,0.0,2.0,2.0,4.0,12.0,13.0,12.0,12.0,8.0,13.0,12.0,10.0,12.0,10.0,14.0,14.0,10.0,8.0,11.0,11.0,13.0,11.0,13.0
113,8.0,11.0,9.0,9.0,1.0,0.0,1.0,2.0,3.0,12.0,14.0,13.0,13.0,11.0,11.0,13.0,10.0,10.0,10.0,12.0,12.0,12.0,9.0,9.0,14.0,12.0,12.0,12.0
114,7.0,11.0,9.0,9.0,1.0,0.0,0.0,2.0,9.0,13.0,13.0,15.0,14.0,11.0,13.0,12.0,13.0,11.0,11.0,10.0,14.0,15.0,12.0,7.0,11.0,10.0,12.0,8.0
115,7.0,11.0,9.0,7.0,1.0,0.0,0.0,2.0,8.0,14.0,14.0,14.0,12.0,10.0,15.0,8.0,10.0,9.0,9.0,5.0,14.0,14.0,13.0,10.0,10.0,10.0,13.0,7.0
116,6.0,9.0,10.0,6.0,1.0,1.0,0.0,1.0,7.0,13.0,13.0,13.0,12.0,11.0,12.0,10.0,11.0,9.0,10.0,9.0,14.0,13.0,13.0,9.0,6.0,8.0,11.0,9.0
117,6.0,8.0,10.0,6.0,1.0,1.0,0.0,2.0,5.0,12.0,12.0,11.0,12.0,11.0,12.0,10.0,13.0,9.0,8.0,7.0,16.0,11.0,11.0,14.0,8.0,8.0,12.0,11.0
118,6.0,8.0,10.0,5.0,1.0,0.0,1.0,3.0,4.0,11.0,12.0,9.0,12.0,9.0,11.0,12.0,13.0,11.0,8.0,8.0,17.0,10.0,12.0,15.0,8.0,8.0,10.0,12.0
119,7.0,8.0,10.0,5.0,1.0,0.0,1.0,3.0,5.0,7.0,13.0,11.0,11.0,11.0,8.0,15.0,15.0,10.0,8.0,10.0,15.0,9.0,12.0,11.0,8.0,10.0,11.0,8.0
120,7.0,6.0,10.0,5.0,1.0,0.0,0.0,2.0,4.0,8.0,13.0,11.0,11.0,12.0,14.0,15.0,14.0,9.0,9.0,10.0,14.0,8.0,8.0,12.0,12.0,13.0,13.0,8.0
121,7.0,6.0,10.0,6.0,1.0,0.0,0.0,2.0,6.0,9.0,14.0,13.0,11.0,12.0,12.0,14.0,14.0,10.0,12.0,11.0,12.0,10.0,8.0,8.0,13.0,15.0,13.0,6.0
122,6.0,6.0,9.0,6.0,1.0,0.0,0.0,1.0,6.0,10.0,16.0,12.0,15.0,11.0,13.0,12.0,12.0,10.0,12.0,8.0,13.0,10.0,7.0,8.0,13.0,13.0,11.0,7.0
123,6.0,6.0,9.0,5.0,1.0,0.0,0.0,1.0,5.0,14.0,12.0,12.0,15.0,11.0,13.0,11.0,12.0,12.0,15.0,10.0,12.0,10.0,10.0,10.0,12.0,14.0,11.0,11.0
124,6.0,6.0,9.0,4.0,1.0,0.0,0.0,0.0,5.0,15.0,11.0,13.0,14.0,13.0,7.0,9.0,12.0,15.0,14.0,9.0,10.0,12.0,13.0,8.0,11.0,9.0,11.0,10.0
125,6.0,6.0,8.0,4.0,1.0,0.0,0.0,0.0,6.0,15.0,11.0,13.0,7.0,15.0,8.0,9.0,12.0,9.0,11.0,10.0,8.0,11.0,16.0,10.0,8.0,9.0,11.0,11.0
126,6.0,5.0,8.0,4.0,0.0,0.0,0.0,0.0,3.0,14.0,12.0,13.0,9.0,15.0,10.0,11.0,12.0,7.0,11.0,12.0,8.0,11.0,15.0,10.0,9.0,10.0,13.0,12.0
127,5.0,4.0,7.0,4.0,0.0,0.0,0.0,0.0,7.0,12.0,15.0,11.0,10.0,13.0,13.0,13.0,11.0,5.0,9.0,14.0,11.0,12.0,14.0,12.0,10.0,13.0,11.0,10.0
128,5.0,3.0,7.0,3.0,0.0,0.0,0.0,0.0,4.0,8.0,14.0,13.0,14.0,10.0,13.0,12.0,12.0,10.0,7.0,13.0,14.0,12.0,11.0,11.0,8.0,15.0,10.0,13.0
129,5.0,4.0,6.0,3.0,0.0,0.0,0.0,0.0,4.0,8.0,12.0,11.0,16.0,9.0,12.0,10.0,10.0,14.0,9.0,11.0,14.0,12.0,9.0,12.0,11.0,11.0,11.0,12.0
130,4.0,4.0,6.0,3.0,0.0,0.0,0.0,0.0,7.0,9.0,10.0,13.0,11.0,10.0,14.0,9.0,13.0,13.0,10.0,12.0,12.0,10.0,8.0,13.0,13.0,10.0,9.0,13.0
131,4.0,4.0,6.0,3.0,0.0,0.0,0.0,0.0,5.0,12.0,9.0,13.0,9.0,13.0,12.0,10.0,15.0,13.0,10.0,12.0,11.0,11.0,8.0,13.0,12.0,10.0,11.0,13.0
132,4.0,4.0,6.0,3.0,0.0,0.0,0.0,0.0,5.0,12.0,10.0,12.0,9.0,12.0,11.0,11.0,16.0,12.0,10.0,12.0,12.0,10.0,9.0,11.0,9.0,9.0,11.0,12.0
133,4.0,3.0,6.0,3.0,0.0,0.0,0.0,0.0,6.0,15.0,13.0,12.0,10.0,11.0,14.0,12.0,15.0,10.0,10.0,12.0,10.0,9.0,10.0,11.0,9.0,12.0,10.0,10.0
134,4.0,3.0,6.0,3.0,0.0,0.0,0.0,0.0,7.0,14.0,16.0,11.0,14.0,12.0,14.0,13.0,13.0,11.0,11.0,9.0,14.0,11.0,11.0,11.0,8.0,13.0,10.0,6.0
135,4.0,3.0,6.0,3.0,0.0,0.0,0.0,0.0,8.0,13.0,13.0,10.0,14.0,13.0,13.0,13.0,11.0,10.0,9.0,10.0,14.0,11.0,9.0,11.0,9.0,12.0,11.0,6.0
136,4.0,2.0,6.0,3.0,0.0,0.0,0.0,0.0,4.0,13.0,14.0,14.0,12.0,12.0,14.0,12.0,9.0,10.0,8.0,8.0,13.0,10.0,10.0,11.0,11.0,12.0,9.0,10.0
137,4.0,2.0,5.0,4.0,0.0,0.0,0.0,0.0,3.0,13.0,14.0,12.0,12.0,13.0,14.0,12.0,9.0,11.0,11.0,8.0,12.0,12.0,10.0,13.0,14.0,12.0,9.0,11.0
138,5.0,2.0,5.0,3.0,0.0,0.0,0.0,0.0,5.0,14.0,12.0,13.0,12.0,11.0,14.0,12.0,13.0,12.0,13.0,8.0,14.0,13.0,12.0,16.0,15.0,11.0,12.0,13.0
139,5.0,2.0,5.0,3.0,0.0,0.0,0.0,0.0,8.0,12.0,13.0,8.0,15.0,10.0,16.0,12.0,12.0,9.0,15.0,9.0,12.0,10.0,13.0,14.0,14.0,13.0,15.0,12.0
140,5.0,2.0,5.0,3.0,0.0,0.0,0.0,0.0,7.0,12.0,12.0,7.0,15.0,12.0,11.0,13.0,13.0,12.0,14.0,14.0,12.0,12.0,13.0,11.0,11.0,12.0,14.0,10.0
141,5.0,1.0,3.0,3.0,0.0,0.0,0.0,0.0,7.0,13.0,15.0,9.0,13.0,13.0,9.0,15.0,10.0,12.0,14.0,15.0,12.0,13.0,15.0,5.0,9.0,14.0,15.0,14.0
142,4.0,1.0,3.0,3.0,0.0,0.0,0.0,0.0,5.0,11.0,13.0,12.0,13.0,10.0,9.0,12.0,11.0,12.0,13.0,14.0,9.0,14.0,14.0,7.0,10.0,13.0,11.0,11.0
143,4.0,1.0,3.0,3.0,0.0,0.0,0.0,0.0,4.0,10.0,13.0,9.0,13.0,10.0,15.0,11.0,9.0,9.0,12.0,11.0,9.0,13.0,14.0,11.0,12.0,12.0,12.0,9.0
144,4.0,1.0,3.0,3.0,1.0,0.0,0.0,0.0,5.0,11.0,11.0,9.0,13.0,11.0,15.0,10.0,12.0,10.0,12.0,11.0,7.0,11.0,10.0,15.0,13.0,10.0,9.0,9.0
145,4.0,1.0,3.0,3.0,0.0,0.0,0.0,0.0,6.0,13.0,12.0,12.0,14.0,12.0,14.0,9.0,12.0,11.0,10.0,13.0,9.0,9.0,10.0,14.0,16.0,9.0,9.0,12.0
146,4.0,1.0,3.0,3.0,0.0,0.0,0.0,0.0,8.0,16.0,12.0,9.0,13.0,12.0,12.0,12.0,14.0,12.0,8.0,11.0,11.0,9.0,9.0,11.0,15.0,9.0,12.0,11.0
147,4.0,1.0,3.0,3.0,0.0,0.0,0.0,0.0,6.0,15.0,11.0,10.0,12.0,11.0,11.0,14.0,11.0,14.0,9.0,10.0,11.0,9.0,10.0,8.0,15.0,9.0,11.0,10.0
148,4.0,1.0,3.0,3.0,0.0,1.0,0.0,0.0,5.0,13.0,10.0,11.0,13.0,11.0,9.0,13.0,11.0,12.0,8.0,6.0,12.0,10.0,12.0,6.0,12.0,8.0,12.0,11.0
149,3.0,1.0,3.0,3.0,0.0,1.0,0.0,0.0,4.0,12.0,9.0,12.0,12.0,10.0,12.0,11.0,11.0,9.0,12.0,6.0,13.0,12.0,12.0,8.0,10.0,13.0,13.0,12.0
150,2.0,1.0,2.0,3.0,0.0,1.0,0.0,0.0,5.0,9.0,8.0,13.0,10.0,12.0,13.0,10.0,11.0,8.0,10.0,9.0,13.0,12.0,13.0,10.0,10.0,15.0,11.0,12.0
151,2.0,1.0,2.0,3.0,0.0,1.0,0.0,0.0,6.0,10.0,9.0,14.0,9.0,10.0,14.0,8.0,13.0,6.0,11.0,9.0,15.0,12.0,8.0,13.0,8.0,17.0,8.0,12.0
152,2.0,1.0,2.0,2.0,0.0,1.0,0.0,0.0,4.0,11.0,10.0,12.0,8.0,11.0,11.0,11.0,11.0,6.0,12.0,12.0,12.0,10.0,8.0,15.0,11.0,12.0,7.0,11.0
153,2.0,1.0,2.0,2.0,0.0,1.0,0.0,0.0,7.0,12.0,12.0,12.0,8.0,11.0,11.0,13.0,7.0,8.0,9.0,13.0,10.0,10.0,9.0,14.0,12.0,9.0,9.0,10.0
154,2.0,1.0,2.0,2.0,0.0,0.0,0.0,0.0,6.0,13.0,14.0,12.0,11.0,10.0,10.0,13.0,8.0,10.0,12.0,13.0,8.0,10.0,7.0,16.0,10.0,7.0,9.0,11.0
155,2.0,1.0,2.0,2.0,0.0,0.0,0.0,1.0,5.0,11.0,14.0,13.0,10.0,13.0,10.0,15.0,10.0,11.0,10.0,10.0,8.0,10.0,10.0,14.0,10.0,6.0,11.0,14.0
156,2.0,1.0,2.0,2.0,0.0,0.0,0.0,1.0,6.0,12.0,13.0,13.0,11.0,11.0,11.0,15.0,10.0,10.0,9.0,11.0,10.0,11.0,11.0,13.0,10.0,11.0,13.0,13.0
157,2.0,1.0,2.0,2.0,0.0,0.0,0.0,1.0,5.0,11.0,13.0,13.0,12.0,9.0,13.0,15.0,14.0,5.0,10.0,9.0,14.0,13.0,9.0,13.0,10.0,14.0,10.0,13.0
158,2.0,1.0,1.0,2.0,0.0,0.0,0.0,1.0,4.0,11.0,11.0,12.0,10.0,11.0,10.0,11.0,12.0,6.0,9.0,11.0,15.0,13.0,11.0,12.0,10.0,15.0,10.0,14.0
159,2.0,1.0,1.0,2.0,0.0,0.0,0.0,0.0,4.0,12.0,10.0,11.0,13.0,10.0,11.0,9.0,9.0,9.0,10.0,14.0,13.0,12.0,11.0,13.0,11.0,12.0,12.0,12.0
160,2.0,1.0,1.0,2.0,0.0,0.0,0.0,0.0,6.0,10.0,9.0,11.0,13.0,12.0,13.0,7.0,9.0,11.0,13.0,10.0,14.0,12.0,14.0,13.0,11.0,12.0,11.0,11.0
161,2.0,1.0,1.0,2.0,0.0,0.0,0.0,0.0,9.0,13.0,11.0,12.0,15.0,15.0,14.0,10.0,8.0,13.0,13.0,10.0,13.0,11.0,12.0,14.0,10.0,12.0,13.0,11.0
162,2.0,1.0,1.0,2.0,0.0,0.0,0.0,0.0,6.0,12.0,15.0,14.0,13.0,14.0,16.0,11.0,9.0,15.0,12.0,10.0,13.0,11.0,10.0,10.0,10.0,12.0,12.0,10.0
163,2.0,1.0,1.0,2.0,0.0,0.0,0.0,0.0,3.0,12.0,14.0,14.0,11.0,13.0,15.0,13.0,10.0,13.0,12.0,12.0,12.0,11.0,11.0,9.0,7.0,13.0,10.0,10.0
164,1.0,1.0,1.0,2.0,0.0,0.0,0.0,0.0,3.0,11.0,14.0,14.0,12.0,10.0,14.0,10.0,13.0,12.0,12.0,12.0,8.0,13.0,11.0,9.0,13.0,13.0,11.0,11.0
165,1.0,1.0,1.0,2.0,0.0,0.0,0.0,0.0,5.0,11.0,13.0,15.0,15.0,10.0,12.0,10.0,13.0,8.0,13.0,11.0,9.0,11.0,14.0,10.0,13.0,13.0,11.0,12.0
166,1.0,1.0,1.0,2.0,0.0,0.0,0.0,0.0,8.0,10.0,12.0,13.0,14.0,11.0,11.0,9.0,12.0,7.0,12.0,10.0,11.0,13.0,12.0,11.0,12.0,12.0,13.0,13.0
167,0.0,1.0,1.0,2.0,0.0,0.0,0.0,0.0,5.0,8.0,12.0,12.0,13.0,14.0,11.0,9.0,13.0,7.0,12.0,9.0,12.0,10.0,12.0,11.0,10.0,12.0,13.0,15.0
168,0.0,1.0,1.0,2.0,0.0,0.0,0.0,0.0,3.0,12.0,14.0,11.0,12.0,12.0,9.0,10.0,12.0,7.0,8.0,12.0,12.0,9.0,10.0,10.0,10.0,8.0,11.0,15.0
169,0.0,1.0,1.0,2.0,0.0,0.0,0.0,0.0,3.0,14.0,16.0,11.0,9.0,14.0,11.0,11.0,15.0,11.0,9.0,13.0,8.0,12.0,10.0,12.0,12.0,7.0,9.0,13.0
170,0.0,1.0,1.0,2.0,0.0,0.0,0.0,0.0,6.0,12.0,15.0,13.0,10.0,16.0,11.0,14.0,11.0,13.0,12.0,15.0,8.0,10.0,11.0,10.0,13.0,9.0,8.0,11.0
171,0.0,1.0,1.0,2.0,0.0,0.0,0.0,0.0,7.0,13.0,15.0,12.0,7.0,11.0,8.0,15.0,11.0,13.0,13.0,15.0,8.0,13.0,13.0,10.0,15.0,9.0,6.0,11.0
172,0.0,1.0,1.0,2.0,0.0,0.0,0.0,0.0,7.0,12.0,10.0,12.0,8.0,9.0,11.0,14.0,11.0,13.0,14.0,13.0,10.0,13.0,13.0,10.0,14.0,9.0,11.0,11.0
173,0.0,1.0,1.0,2.0,0.0,0.0,0.0,0.0,6.0,13.0,9.0,10.0,13.0,7.0,8.0,12.0,10.0,10.0,13.0,12.0,13.0,12.0,13.0,9.0,11.0,11.0,15.0,13.0
174,0.0,1.0,1.0,2.0,0.0,0.0,0.0,0.0,6.0,15.0,10.0,12.0,17.0,10.0,13.0,12.0,12.0,11.0,13.0,9.0,16.0,13.0,8.0,11.0,12.0,10.0,14.0,16.0
175,0.0,1.0,1.0,2.0,0.0,0.0,0.0,0.0,6.0,16.0,16.0,12.0,17.0,14.0,14.0,14.0,14.0,12.0,15.0,9.0,15.0,13.0,11.0,11.0,13.0,13.0,12.0,16.0
176,0.0,1.0,1.0,2.0,0.0,0.0,0.0,0.0,5.0,15.0,18.0,12.0,14.0,16.0,16.0,15.0,15.0,15.0,13.0,13.0,12.0,12.0,10.0,12.0,13.0,15.0,11.0,15.0
177,0.0,1.0,1.0,2.0,0.0,0.0,0.0,0.0,5.0,14.0,17.0,13.0,9.0,15.0,16.0,13.0,14.0,14.0,10.0,16.0,9.0,15.0,14.0,12.0,13.0,15.0,15.0,15.0
178,0.0,1.0,1.0,2.0,0.0,0.0,0.0,0.0,7.0,14.0,13.0,14.0,12.0,13.0,15.0,13.0,14.0,13.0,12.0,13.0,13.0,13.0,12.0,15.0,15.0,11.0,16.0,13.0
179,0.0,1.0,1.0,2.0,0.0,0.0,0.0,0.0,9.0,18.0,13.0,11.0,15.0,13.0,14.0,11.0,14.0,14.0,16.0,13.0,14.0,11.0,13.0,13.0,15.0,8.0,12.0,12.0
180,0.0,1.0,1.0,2.0,0.0,0.0,0.0,0.0,7.0,14.0,15.0,13.0,16.0,14.0,13.0,12.0,14.0,11.0,17.0,16.0,14.0,12.0,14.0,14.0,11.0,10.0,13.0,16.0
181,0.0,1.0,1.0,2.0,0.0,0.0,0.0,0.0,5.0,13.0,15.0,12.0,13.0,12.0,15.0,12.0,15.0,7.0,13.0,14.0,15.0,12.0,12.0,14.0,8.0,13.0,14.0,14.0
182,0.0,1.0,1.0,2.0,0.0,0.0,0.0,0.0,6.0,14.0,17.0,11.0,13.0,13.0,16.0,12.0,14.0,10.0,8.0,11.0,16.0,12.0,11.0,13.0,12.0,15.0,12.0,14.0
183,0.0,1.0,1.0,2.0,0.0,0.0,0.0,0.0,7.0,15.0,16.0,12.0,14.0,13.0,14.0,10.0,13.0,14.0,9.0,10.0,15.0,11.0,10.0,12.0,15.0,12.0,13.0,13.0
184,0.0,1.0,1.0,2.0,0.0,0.0,0.0,0.0,6.0,16.0,14.0,15.0,14.0,13.0,13.0,15.0,10.0,14.0,13.0,10.0,14.0,14.0,9.0,11.0,17.0,14.0,13.0,14.0
185,0.0,1.0,1.0,2.0,0.0,0.0,0.0,0.0,6.0,17.0,13.0,15.0,14.0,12.0,11.0,17.0,10.0,13.0,16.0,13.0,14.0,13.0,11.0,10.0,13.0,14.0,13.0,14.0
186,0.0,1.0,1.0,2.0,0.0,0.0,0.0,0.0,4.0,15.0,15.0,12.0,16.0,11.0,13.0,16.0,10.0,13.0,14.0,16.0,14.0,12.0,12.0,12.0,13.0,14.0,13.0,13.0
187,0.0,1.0,1.0,2.0,0.0,0.0,0.0,0.0,8.0,16.0,10.0,14.0,15.0,15.0,13.0,13.0,15.0,12.0,10.0,12.0,15.0,11.0,15.0,14.0,17.0,13.0,15.0,15.0
188,0.0,1.0,1.0,2.0,0.0,0.0,0.0,0.0,10.0,18.0,11.0,12.0,13.0,14.0,15.0,11.0,16.0,14.0,13.0,9.0,11.0,13.0,15.0,15.0,12.0,14.0,15.0,16.0
189,0.0,1.0,1.0,2.0,0.0,0.0,0.0,0.0,5.0,13.0,16.0,12.0,13.0,11.0,14.0,12.0,14.0,13.0,9.0,13.0,12.0,13.0,14.0,12.0,11.0,13.0,15.0,14.0
190,0.0,1.0,1.0,2.0,0.0,0.0,0.0,0.0,5.0,12.0,16.0,13.0,13.0,10.0,12.0,15.0,13.0,13.0,10.0,11.0,15.0,11.0,14.0,10.0,7.0,11.0,13.0,12.0
191,0.0,1.0,1.0,2.0,0.0,0.0,0.0,0.0,8.0,13.0,14.0,12.0,11.0,9.0,12.0,12.0,11.0,9.0,13.0,11.0,15.0,10.0,12.0,11.0,10.0,11.0,10.0,10.0
192,0.0,1.0,1.0,2.0,0.0,0.0,0.0,0.0,9.0,15.0,13.0,13.0,12.0,12.0,13.0,12.0,13.0,6.0,15.0,12.0,11.0,10.0,12.0,12.0,13.0,12.0,11.0,10.0
193,0.0,1.0,1.0,2.0,0.0,0.0,0.0,0.0,5.0,13.0,12.0,14.0,13.0,12.0,14.0,10.0,11.0,9.0,16.0,13.0,10.0,10.0,11.0,15.0,12.0,14.0,12.0,11.0
194,0.0,1.0,1.0,2.0,0.0,0.0,0.0,0.0,5.0,11.0,14.0,13.0,15.0,14.0,17.0,9.0,9.0,13.0,14.0,13.0,7.0,11.0,12.0,11.0,8.0,14.0,13.0,14.0
195,0.0,1.0,1.0,2.0,0.0,0.0,0.0,0.0,6.0,13.0,11.0,8.0,17.0,12.0,18.0,11.0,8.0,10.0,13.0,13.0,8.0,11.0,13.0,10.0,8.0,13.0,11.0,17.0
196,0.0,1.0,1.0,2.0,0.0,0.0,0.0,0.0,8.0,15.0,13.0,7.0,14.0,13.0,17.0,12.0,9.0,11.0,10.0,14.0,13.0,14.0,10.0,8.0,12.0,12.0,11.0,14.0
197,0.0,1.0,1.0,2.0,0.0,0.0,0.0,0.0,9.0,15.0,12.0,8.0,13.0,14.0,15.0,12.0,10.0,10.0,12.0,11.0,15.0,13.0,9.0,11.0,13.0,11.0,12.0,12.0
198,0.0,1.0,1.0,2.0,0.0,0.0,0.0,0.0,5.0,16.0,15.0,12.0,12.0,13.0,12.0,11.0,12.0,12.0,10.0,11.0,15.0,8.0,9.0,10.0,11.0,14.0,12.0,11.0
199,0.0,1.0,1.0,2.0,0.0,0.0,0.0,0.0,3.0,12.0,14.0,15.0,14.0,13.0,10.0,10.0,11.0,12.0,11.0,10.0,14.0,5.0,10.0,12.0,12.0,11.0,13.0,12.0
200,0.0,1.0,1.0,2.0,0.0,0.0,0.0,0.0,3.0,11.0,15.0,15.0,14.0,13.0,11.0,11.0,11.0,12.0,12.0,10.0,7.0,4.0,13.0,11.0,14.0,14.0,9.0,15.0
201,0.0,1.0,1.0,2.0,0.0,0.0,0.0,0.0,6.0,11.0,10.0,14.0,12.0,12.0,11.0,10.0,12.0,11.0,12.0,12.0,4.0,11.0,16.0,9.0,12.0,12.0,12.0,14.0
202,0.0,1.0,1.0,2.0,0.0,0.0,0.0,0.0,6.0,14.0,12.0,15.0,8.0,13.0,15.0,10.0,12.0,12.0,14.0,12.0,6.0,13.0,13.0,11.0,12.0,10.0,13.0,11.0
203,0.0,1.0,1.0,2.0,0.0,0.0,0.0,0.0,6.0,15.0,12.0,15.0,10.0,12.0,15.0,10.0,15.0,9.0,12.0,12.0,10.0,14.0,13.0,6.0,10.0,13.0,15.0,10.0
204,0.0,1.0,1.0,2.0,0.0,1.0,0.0,0.0,3.0,14.0,16.0,14.0,12.0,14.0,14.0,12.0,11.0,12.0,13.0,14.0,15.0,14.0,13.0,10.0,12.0,15.0,15.0,13.0
205,0.0,1.0,1.0,2.0,0.0,1.0,0.0,0.0,5.0,15.0,15.0,11.0,18.0,16.0,12.0,13.0,11.0,10.0,12.0,11.0,13.0,13.0,13.0,10.0,13.0,14.0,12.0,15.0
206,0.0,1.0,1.0,2.0,0.0,1.0,0.0,0.0,6.0,15.0,17.0,10.0,18.0,16.0,12.0,15.0,11.0,10.0,13.0,13.0,11.0,12.0,13.0,13.0,13.0,11.0,12.0,12.0
207,0.0,1.0,1.0,2.0,0.0,1.0,0.0,0.0,8.0,14.0,15.0,12.0,15.0,15.0,13.0,15.0,14.0,13.0,12.0,16.0,10.0,15.0,11.0,14.0,13.0,10.0,11.0,11.0
208,0.0,1.0,1.0,2.0,0.0,1.0,0.0,0.0,8.0,14.0,16.0,13.0,12.0,12.0,14.0,13.0,14.0,14.0,14.0,17.0,11.0,12.0,9.0,11.0,9.0,13.0,13.0,13.0
209,0.0,1.0,1.0,2.0,0.0,1.0,0.0,0.0,7.0,17.0,17.0,12.0,10.0,13.0,13.0,12.0,14.0,15.0,15.0,8.0,12.0,10.0,7.0,12.0,9.0,14.0,12.0,14.0
210,0.0,1.0,1.0,2.0,0.0,1.0,0.0,0.0,4.0,14.0,14.0,12.0,14.0,13.0,14.0,13.0,12.0,15.0,12.0,7.0,14.0,12.0,11.0,13.0,11.0,14.0,15.0,14.0
211,0.0,1.0,1.0,2.0,0.0,1.0,0.0,0.0,4.0,12.0,14.0,9.0,14.0,14.0,11.0,11.0,11.0,12.0,12.0,7.0,14.0,12.0,14.0,14.0,12.0,12.0,11.0,12.0
212,0.0,1.0,1.0,2.0,0.0,1.0,0.0,0.0,7.0,13.0,12.0,9.0,15.0,16.0,13.0,10.0,11.0,8.0,14.0,16.0,13.0,8.0,14.0,11.0,10.0,12.0,10.0,11.0
213,0.0,1.0,1.0,2.0,0.0,0.0,0.0,0.0,9.0,14.0,15.0,10.0,12.0,16.0,16.0,10.0,12.0,10.0,13.0,15.0,14.0,9.0,12.0,9.0,12.0,9.0,9.0,12.0
214,0.0,1.0,1.0,2.0,0.0,0.0,0.0,0.0,7.0,12.0,15.0,14.0,12.0,14.0,14.0,10.0,14.0,10.0,13.0,14.0,14.0,9.0,10.0,13.0,11.0,12.0,11.0,11.0
215,0.0,1.0,1.0,2.0,0.0,0.0,0.0,0.0,3.0,11.0,15.0,14.0,12.0,12.0,15.0,12.0,13.0,15.0,8.0,14.0,11.0,14.0,8.0,12.0,13.0,15.0,12.0,11.0
216,0.0,1.0,2.0,2.0,0.0,0.0,0.0,0.0,2.0,13.0,12.0,14.0,14.0,12.0,15.0,11.0,10.0,14.0,10.0,11.0,11.0,13.0,8.0,14.0,10.0,14.0,11.0,8.0
217,0.0,1.0,2.0,2.0,0.0,0.0,0.0,0.0,5.0,14.0,11.0,13.0,15.0,12.0,14.0,13.0,8.0,15.0,9.0,11.0,11.0,12.0,10.0,11.0,11.0,12.0,12.0,8.0
218,0.0,1.0,2.0,2.0,0.0,0.0,0.0,0.0,10.0,15.0,11.0,10.0,15.0,16.0,10.0,13.0,8.0,14.0,14.0,12.0,14.0,10.0,9.0,13.0,12.0,10.0,13.0,10.0
219,0.0,1.0,2.0,2.0,0.0,0.0,0.0,0.0,9.0,13.0,12.0,10.0,12.0,14.0,12.0,15.0,11.0,15.0,16.0,12.0,15.0,7.0,12.0,12.0,15.0,10.0,12.0,13.0
220,0.0,1.0,2.0,2.0,0.0,0.0,0.0,0.0,7.0,11.0,12.0,12.0,11.0,13.0,14.0,11.0,13.0,15.0,14.0,12.0,14.0,8.0,13.0,12.0,14.0,12.0,11.0,12.0
221,0.0,1.0,2.0,2.0,0.0,0.0,0.0,0.0,4.0,12.0,12.0,12.0,11.0,11.0,17.0,9.0,13.0,11.0,14.0,12.0,12.0,12.0,12.0,13.0,9.0,13.0,10.0,10.0
222,0.0,1.0,2.0,2.0,0.0,0.0,0.0,0.0,5.0,11.0,13.0,14.0,15.0,13.0,18.0,10.0,14.0,11.0,12.0,13.0,9.0,12.0,10.0,11.0,9.0,10.0,11.0,6.0
223,0.0,1.0,2.0,2.0,0.0,0.0,0.0,0.0,6.0,12.0,14.0,13.0,15.0,12.0,13.0,12.0,13.0,11.0,12.0,13.0,12.0,12.0,9.0,13.0,7.0,10.0,15.0,11.0
224,0.0,1.0,2.0,2.0,0.0,0.0,0.0,0.0,9.0,11.0,15.0,14.0,17.0,11.0,10.0,13.0,13.0,14.0,10.0,11.0,13.0,10.0,14.0,12.0,11.0,11.0,15.0,15.0
225,0.0,1.0,2.0,2.0,0.0,0.0,0.0,0.0,8.0,15.0,13.0,12.0,14.0,11.0,12.0,12.0,13.0,16.0,13.0,12.0,12.0,11.0,14.0,11.0,12.0,14.0,13.0,16.0
226,0.0,1.0,1.0,2.0,0.0,0.0,0.0,0.0,6.0,12.0,16.0,11.0,13.0,10.0,15.0,12.0,12.0,15.0,16.0,15.0,11.0,13.0,14.0,9.0,14.0,14.0,13.0,14.0
227,0.0,1.0,1.0,2.0,0.0,0.0,0.0,0.0,7.0,13.0,15.0,12.0,12.0,13.0,14.0,14.0,13.0,14.0,12.0,15.0,10.0,11.0,13.0,11.0,12.0,15.0,13.0,13.0
228,0.0,1.0,1.0,2.0,0.0,0.0,0.0,0.0,8.0,14.0,14.0,16.0,14.0,12.0,14.0,15.0,11.0,12.0,12.0,10.0,14.0,10.0,12.0,15.0,14.0,12.0,15.0,12.0
229,0.0,1.0,1.0,2.0,0.0,0.0,0.0,0.0,9.0,13.0,9.0,16.0,15.0,13.0,14.0,16.0,13.0,13.0,13.0,7.0,11.0,11.0,12.0,13.0,14.0,13.0,13.0,11.0
230,0.0,1.0,1.0,2.0,0.0,0.0,0.0,0.0,5.0,13.0,11.0,12.0,13.0,13.0,14.0,15.0,12.0,12.0,14.0,10.0,11.0,10.0,11.0,10.0,10.0,11.0,11.0,12.0
231,0.0,0.0,1.0,2.0,0.0,0.0,0.0,0.0,3.0,14.0,9.0,10.0,12.0,13.0,14.0,14.0,13.0,13.0,13.0,12.0,10.0,13.0,13.0,9.0,9.0,12.0,7.0,14.0
232,0.0,0.0,1.0,2.0,0.0,0.0,0.0,0.0,3.0,14.0,13.0,9.0,11.0,13.0,11.0,13.0,12.0,11.0,11.0,14.0,10.0,13.0,12.0,10.0,9.0,10.0,11.0,14.0
233,0.0,0.0,1.0,2.0,0.0,0.0,0.0,0.0,4.0,12.0,13.0,9.0,15.0,13.0,10.0,14.0,11.0,10.0,6.0,11.0,10.0,12.0,12.0,14.0,12.0,9.0,13.0,12.0
234,0.0,0.0,1.0,2.0,0.0,0.0,0.0,0.0,4.0,12.0,13.0,9.0,15.0,14.0,7.0,11.0,10.0,10.0,9.0,8.0,9.0,13.0,13.0,12.0,14.0,10.0,12.0,12.0
235,0.0,0.0,1.0,2.0,0.0,0.0,0.0,0.0,6.0,11.0,14.0,11.0,12.0,9.0,7.0,12.0,13.0,11.0,10.0,9.0,10.0,8.0,12.0,10.0,15.0,14.0,14.0,9.0
236,0.0,0.0,1.0,2.0,0.0,0.0,0.0,0.0,7.0,13.0,16.0,11.0,13.0,11.0,10.0,13.0,13.0,12.0,11.0,12.0,12.0,8.0,13.0,9.0,11.0,14.0,9.0,12.0
237,0.0,0.0,1.0,2.0,0.0,0.0,0.0,0.0,3.0,13.0,14.0,14.0,11.0,13.0,13.0,11.0,13.0,11.0,13.0,11.0,11.0,7.0,13.0,9.0,11.0,12.0,6.0,12.0
238,0.0,0.0,1.0,2.0,0.0,0.0,0.0,0.0,7.0,11.0,15.0,12.0,11.0,12.0,15.0,10.0,9.0,13.0,11.0,13.0,12.0,5.0,14.0,9.0,10.0,11.0,6.0,14.0
