,w1,w2,w3,w4,w5,w6,w7,w8,w9,w10,w11,w12,w13,w14,w15,w16,w17,w18,w19,w20,w21,w22,w23,w24,w25,w26,w27,w28
0,0.0,0.0,0.0,0.0,0.0,0.0,0.0,0.0,8.0,7.0,14.0,10.0,12.0,13.0,12.0,9.0,10.0,10.0,9.0,13.0,8.0,8.0,12.0,13.0,10.0,9.0,9.0,16.0
1,0.0,0.0,0.0,0.0,0.0,0.0,0.0,0.0,7.0,10.0,14.0,12.0,10.0,13.0,13.0,11.0,12.0,10.0,10.0,9.0,11.0,10.0,13.0,13.0,10.0,12.0,7.0,14.0
2,0.0,0.0,0.0,0.0,0.0,0.0,0.0,0.0,5.0,11.0,11.0,13.0,10.0,14.0,10.0,14.0,10.0,12.0,12.0,11.0,9.0,13.0,12.0,12.0,12.0,14.0,7.0,11.0
3,0.0,0.0,0.0,0.0,0.0,0.0,0.0,0.0,6.0,15.0,10.0,14.0,10.0,11.0,13.0,15.0,11.0,14.0,14.0,11.0,10.0,16.0,11.0,12.0,13.0,14.0,11.0,9.0
4,0.0,0.0,0.0,0.0,0.0,0.0,0.0,0.0,5.0,16.0,8.0,12.0,14.0,14.0,14.0,12.0,11.0,14.0,15.0,14.0,14.0,16.0,11.0,11.0,15.0,12.0,10.0,10.0
5,0.0,0.0,0.0,0.0,0.0,0.0,0.0,0.0,8.0,17.0,13.0,11.0,12.0,11.0,14.0,10.0,12.0,12.0,12.0,16.0,13.0,11.0,9.0,12.0,13.0,11.0,13.0,13.0
6,0.0,0.0,0.0,0.0,0.0,0.0,0.0,0.0,7.0,15.0,14.0,12.0,11.0,10.0,15.0,8.0,14.0,12.0,10.0,14.0,10.0,9.0,11.0,12.0,12.0,13.0,12.0,16.0
7,0.0,0.0,0.0,0.0,0.0,0.0,0.0,0.0,6.0,12.0,16.0,14.0,13.0,9.0,13.0,11.0,13.0,12.0,8.0,11.0,9.0,11.0,11.0,15.0,12.0,13.0,13.0,16.0
8,0.0,0.0,0.0,0.0,0.0,0.0,0.0,0.0,4.0,9.0,17.0,16.0,14.0,13.0,15.0,12.0,13.0,12.0,10.0,12.0,12.0,16.0,11.0,14.0,11.0,15.0,13.0,12.0
9,0.0,0.0,0.0,0.0,0.0,0.0,0.0,0.0,7.0,11.0,14.0,15.0,15.0,15.0,15.0,14.0,14.0,10.0,13.0,13.0,15.0,14.0,11.0,16.0,11.0,15.0,13.0,13.0
10,0.0,0.0,0.0,0.0,0.0,0.0,0.0,0.0,8.0,14.0,13.0,15.0,13.0,16.0,17.0,16.0,12.0,11.0,15.0,15.0,15.0,11.0,14.0,15.0,12.0,13.0,13.0,13.0
11,0.0,0.0,0.0,0.0,0.0,0.0,0.0,0.0,7.0,14.0,15.0,13.0,14.0,16.0,16.0,16.0,14.0,11.0,14.0,16.0,14.0,12.0,16.0,14.0,11.0,11.0,12.0,14.0
12,0.0,0.0,0.0,0.0,0.0,0.0,0.0,0.0,6.0,17.0,13.0,14.0,12.0,17.0,13.0,13.0,13.0,12.0,15.0,11.0,13.0,13.0,15.0,14.0,13.0,13.0,13.0,16.0
13,0.0,0.0,0.0,0.0,0.0,0.0,0.0,0.0,8.0,19.0,10.0,15.0,12.0,17.0,13.0,14.0,12.0,13.0,13.0,11.0,13.0,14.0,16.0,13.0,12.0,13.0,12.0,16.0
14,0.0,0.0,0.0,0.0,0.0,0.0,0.0,0.0,10.0,19.0,13.0,13.0,14.0,14.0,14.0,15.0,8.0,11.0,13.0,12.0,15.0,14.0,15.0,13.0,11.0,13.0,13.0,13.0
15,0.0,0.0,0.0,0.0,0.0,0.0,0.0,0.0,6.0,15.0,15.0,14.0,14.0,10.0,14.0,14.0,9.0,11.0,13.0,14.0,14.0,13.0,10.0,14.0,14.0,9.0,12.0,13.0
16,0.0,0.0,0.0,0.0,0.0,0.0,0.0,0.0,4.0,14.0,14.0,13.0,9.0,12.0,10.0,13.0,13.0,11.0,13.0,11.0,12.0,12.0,7.0,13.0,17.0,10.0,7.0,11.0
17,0.0,0.0,0.0,0.0,0.0,0.0,0.0,0.0,5.0,9.0,9.0,11.0,11.0,12.0,12.0,13.0,14.0,11.0,13.0,12.0,11.0,9.0,10.0,13.0,13.0,10.0,8.0,14.0
18,0.0,0.0,0.0,0.0,0.0,0.0,0.0,0.0,7.0,10.0,7.0,9.0,10.0,16.0,12.0,12.0,15.0,13.0,12.0,11.0,11.0,9.0,15.0,12.0,12.0,14.0,10.0,10.0
19,0.0,0.0,0.0,0.0,0.0,0.0,0.0,0.0,9.0,9.0,9.0,9.0,15.0,15.0,14.0,12.0,15.0,12.0,10.0,10.0,11.0,11.0,16.0,12.0,11.0,14.0,12.0,10.0
20,0.0,0.0,0.0,0.0,0.0,0.0,0.0,0.0,5.0,12.0,14.0,11.0,12.0,15.0,14.0,14.0,12.0,12.0,11.0,9.0,14.0,13.0,15.0,11.0,12.0,12.0,14.0,8.0
21,0.0,0.0,0.0,0.0,0.0,0.0,0.0,0.0,5.0,12.0,17.0,12.0,12.0,14.0,11.0,12.0,10.0,10.0,11.0,9.0,14.0,11.0,13.0,13.0,12.0,11.0,14.0,9.0
22,0.0,0.0,0.0,0.0,0.0,0.0,0.0,0.0,7.0,12.0,17.0,15.0,12.0,13.0,10.0,13.0,11.0,8.0,13.0,10.0,15.0,10.0,13.0,15.0,9.0,13.0,9.0,11.0
23,0.0,0.0,0.0,0.0,0.0,0.0,0.0,0.0,6.0,13.0,15.0,13.0,12.0,9.0,9.0,11.0,10.0,10.0,12.0,12.0,11.0,10.0,10.0,14.0,11.0,13.0,7.0,11.0
24,0.0,0.0,0.0,0.0,0.0,0.0,0.0,0.0,7.0,14.0,13.0,12.0,13.0,8.0,10.0,9.0,12.0,12.0,10.0,14.0,10.0,12.0,10.0,13.0,10.0,12.0,8.0,10.0
25,0.0,0.0,0.0,0.0,0.0,0.0,0.0,0.0,5.0,14.0,9.0,12.0,15.0,8.0,13.0,11.0,12.0,14.0,9.0,12.0,11.0,14.0,11.0,10.0,10.0,10.0,8.0,10.0
26,0.0,0.0,0.0,0.0,0.0,0.0,0.0,0.0,5.0,15.0,11.0,12.0,13.0,10.0,11.0,11.0,11.0,11.0,9.0,10.0,11.0,13.0,9.0,9.0,12.0,9.0,15.0,11.0
27,0.0,0.0,0.0,0.0,0.0,0.0,0.0,0.0,7.0,15.0,11.0,11.0,12.0,14.0,12.0,10.0,12.0,10.0,5.0,10.0,10.0,12.0,9.0,12.0,11.0,7.0,13.0,12.0
28,0.0,0.0,0.0,0.0,0.0,0.0,0.0,0.0,6.0,15.0,11.0,11.0,10.0,13.0,11.0,9.0,11.0,9.0,10.0,9.0,12.0,12.0,10.0,13.0,12.0,9.0,13.0,10.0
29,0.0,0.0,0.0,0.0,0.0,0.0,0.0,0.0,7.0,15.0,10.0,9.0,7.0,10.0,9.0,9.0,11.0,7.0,10.0,11.0,12.0,8.0,9.0,10.0,13.0,12.0,10.0,10.0
30,0.0,0.0,0.0,0.0,0.0,0.0,0.0,0.0,8.0,16.0,10.0,8.0,9.0,9.0,12.0,8.0,13.0,11.0,11.0,12.0,13.0,8.0,11.0,11.0,11.0,13.0,7.0,10.0
31,0.0,0.0,0.0,0.0,0.0,0.0,0.0,0.0,9.0,17.0,13.0,8.0,11.0,13.0,9.0,9.0,14.0,12.0,13.0,12.0,14.0,7.0,13.0,9.0,11.0,14.0,9.0,10.0
32,0.0,0.0,0.0,0.0,0.0,0.0,0.0,0.0,4.0,19.0,14.0,10.0,14.0,14.0,8.0,11.0,15.0,13.0,11.0,9.0,14.0,8.0,13.0,8.0,12.0,12.0,9.0,9.0
33,0.0,0.0,0.0,0.0,0.0,0.0,0.0,0.0,3.0,18.0,14.0,11.0,15.0,15.0,9.0,11.0,14.0,14.0,12.0,11.0,12.0,11.0,12.0,12.0,11.0,10.0,10.0,10.0
34,0.0,0.0,0.0,0.0,0.0,0.0,0.0,0.0,5.0,17.0,13.0,10.0,16.0,13.0,11.0,13.0,13.0,12.0,13.0,11.0,9.0,14.0,12.0,11.0,12.0,8.0,9.0,11.0
35,0.0,0.0,0.0,0.0,0.0,0.0,0.0,0.0,6.0,14.0,13.0,13.0,12.0,11.0,15.0,13.0,12.0,12.0,13.0,14.0,11.0,14.0,12.0,11.0,12.0,7.0,10.0,13.0
36,0.0,0.0,0.0,0.0,0.0,0.0,0.0,0.0,10.0,14.0,12.0,9.0,11.0,10.0,15.0,12.0,13.0,13.0,13.0,13.0,12.0,9.0,13.0,11.0,9.0,8.0,13.0,13.0
37,0.0,0.0,0.0,0.0,0.0,0.0,0.0,0.0,11.0,12.0,17.0,10.0,11.0,12.0,13.0,13.0,14.0,11.0,10.0,12.0,13.0,9.0,15.0,10.0,11.0,11.0,16.0,13.0
38,0.0,0.0,0.0,0.0,0.0,0.0,0.0,0.0,7.0,14.0,15.0,10.0,13.0,12.0,13.0,13.0,13.0,10.0,10.0,12.0,11.0,10.0,13.0,12.0,11.0,14.0,17.0,11.0
39,0.0,0.0,0.0,0.0,0.0,0.0,0.0,0.0,6.0,15.0,14.0,16.0,13.0,12.0,14.0,12.0,11.0,11.0,10.0,10.0,11.0,13.0,12.0,13.0,15.0,15.0,13.0,12.0
40,0.0,0.0,0.0,0.0,0.0,0.0,0.0,0.0,3.0,17.0,13.0,15.0,11.0,15.0,15.0,11.0,7.0,16.0,15.0,12.0,13.0,14.0,14.0,11.0,13.0,15.0,11.0,15.0
41,0.0,0.0,0.0,0.0,0.0,0.0,0.0,0.0,7.0,17.0,16.0,17.0,12.0,14.0,14.0,12.0,11.0,16.0,13.0,15.0,14.0,14.0,11.0,9.0,13.0,11.0,11.0,15.0
42,0.0,0.0,0.0,0.0,0.0,0.0,0.0,0.0,9.0,14.0,14.0,17.0,13.0,14.0,15.0,14.0,15.0,15.0,14.0,16.0,12.0,13.0,9.0,11.0,11.0,9.0,15.0,13.0
43,0.0,0.0,0.0,0.0,0.0,0.0,0.0,0.0,7.0,13.0,11.0,13.0,15.0,12.0,15.0,16.0,15.0,12.0,15.0,11.0,11.0,12.0,9.0,15.0,13.0,10.0,17.0,11.0
44,0.0,0.0,0.0,0.0,0.0,0.0,0.0,0.0,7.0,14.0,12.0,12.0,14.0,13.0,14.0,15.0,11.0,9.0,13.0,12.0,9.0,11.0,12.0,15.0,13.0,12.0,15.0,14.0
45,0.0,0.0,0.0,0.0,0.0,0.0,0.0,0.0,4.0,14.0,16.0,12.0,15.0,14.0,12.0,12.0,12.0,11.0,12.0,13.0,12.0,10.0,15.0,14.0,14.0,13.0,10.0,12.0
46,0.0,0.0,0.0,0.0,0.0,0.0,0.0,0.0,8.0,11.0,16.0,14.0,15.0,17.0,12.0,12.0,10.0,12.0,12.0,15.0,11.0,9.0,13.0,11.0,12.0,13.0,7.0,12.0
47,0.0,0.0,0.0,0.0,0.0,0.0,0.0,0.0,5.0,11.0,14.0,14.0,17.0,17.0,12.0,13.0,14.0,15.0,12.0,12.0,12.0,9.0,10.0,11.0,10.0,13.0,8.0,10.0
48,0.0,0.0,0.0,0.0,0.0,0.0,0.0,0.0,8.0,11.0,11.0,14.0,16.0,16.0,13.0,13.0,13.0,14.0,12.0,12.0,13.0,10.0,10.0,11.0,9.0,12.0,13.0,9.0
49,0.0,0.0,0.0,0.0,0.0,0.0,0.0,0.0,7.0,14.0,13.0,15.0,15.0,16.0,15.0,12.0,13.0,14.0,14.0,12.0,16.0,10.0,11.0,15.0,11.0,12.0,14.0,13.0
50,0.0,0.0,0.0,0.0,0.0,0.0,0.0,0.0,4.0,14.0,11.0,15.0,13.0,14.0,12.0,11.0,13.0,13.0,15.0,11.0,17.0,11.0,12.0,16.0,14.0,10.0,16.0,12.0
51,0.0,0.0,0.0,0.0,0.0,0.0,0.0,0.0,3.0,15.0,12.0,12.0,13.0,12.0,9.0,9.0,13.0,13.0,15.0,8.0,16.0,12.0,11.0,14.0,15.0,10.0,13.0,14.0
52,0.0,0.0,0.0,0.0,0.0,0.0,0.0,0.0,5.0,11.0,14.0,9.0,14.0,12.0,8.0,9.0,14.0,8.0,14.0,7.0,13.0,14.0,11.0,11.0,12.0,9.0,11.0,15.0
53,0.0,0.0,0.0,0.0,0.0,0.0,0.0,0.0,7.0,10.0,12.0,10.0,12.0,12.0,6.0,9.0,11.0,11.0,12.0,8.0,11.0,16.0,9.0,9.0,10.0,9.0,10.0,9.0
54,0.0,0.0,0.0,0.0,0.0,0.0,0.0,0.0,9.0,11.0,13.0,9.0,13.0,13.0,9.0,10.0,7.0,11.0,12.0,11.0,8.0,16.0,8.0,9.0,7.0,12.0,11.0,9.0
55,0.0,0.0,0.0,0.0,0.0,0.0,0.0,0.0,8.0,8.0,11.0,10.0,12.0,13.0,11.0,11.0,6.0,13.0,10.0,13.0,9.0,14.0,7.0,9.0,6.0,10.0,13.0,6.0
56,0.0,0.0,0.0,0.0,0.0,0.0,0.0,0.0,5.0,10.0,11.0,12.0,8.0,11.0,11.0,9.0,7.0,12.0,10.0,15.0,10.0,11.0,8.0,10.0,10.0,11.0,14.0,4.0
57,0.0,0.0,0.0,0.0,0.0,0.0,0.0,0.0,2.0,14.0,12.0,11.0,7.0,10.0,12.0,7.0,9.0,10.0,11.0,14.0,11.0,12.0,10.0,11.0,9.0,12.0,14.0,9.0
58,0.0,0.0,0.0,0.0,0.0,0.0,0.0,0.0,0.0,13.0,12.0,11.0,8.0,8.0,10.0,10.0,14.0,7.0,10.0,14.0,13.0,10.0,11.0,9.0,10.0,11.0,11.0,12.0
59,0.0,1.0,0.0,0.0,0.0,0.0,0.0,0.0,3.0,14.0,12.0,12.0,6.0,9.0,9.0,10.0,13.0,7.0,10.0,15.0,11.0,12.0,12.0,11.0,9.0,14.0,9.0,14.0
60,0.0,1.0,0.0,0.0,0.0,0.0,0.0,0.0,6.0,13.0,12.0,9.0,9.0,13.0,7.0,11.0,11.0,11.0,10.0,10.0,10.0,13.0,11.0,13.0,10.0,12.0,8.0,17.0
61,0.0,1.0,0.0,0.0,0.0,0.0,0.0,0.0,10.0,11.0,15.0,10.0,13.0,15.0,9.0,12.0,9.0,13.0,11.0,10.0,8.0,11.0,9.0,13.0,9.0,12.0,9.0,11.0
62,0.0,1.0,0.0,0.0,0.0,0.0,0.0,0.0,9.0,9.0,15.0,7.0,13.0,15.0,10.0,11.0,6.0,11.0,13.0,9.0,10.0,11.0,11.0,13.0,11.0,13.0,12.0,10.0
63,0.0,1.0,0.0,0.0,0.0,0.0,0.0,0.0,6.0,12.0,16.0,8.0,15.0,12.0,12.0,12.0,7.0,11.0,14.0,9.0,10.0,10.0,11.0,9.0,10.0,14.0,12.0,10.0
64,0.0,1.0,0.0,0.0,0.0,0.0,0.0,0.0,5.0,14.0,14.0,10.0,11.0,10.0,14.0,10.0,9.0,9.0,15.0,7.0,11.0,10.0,11.0,10.0,9.0,15.0,11.0,11.0
65,0.0,1.0,0.0,0.0,0.0,0.0,0.0,0.0,2.0,13.0,11.0,12.0,7.0,10.0,15.0,10.0,11.0,11.0,12.0,9.0,14.0,10.0,12.0,9.0,11.0,15.0,11.0,14.0
66,0.0,1.0,0.0,0.0,0.0,0.0,0.0,0.0,4.0,17.0,11.0,11.0,9.0,10.0,16.0,11.0,11.0,9.0,12.0,12.0,12.0,10.0,11.0,9.0,12.0,13.0,10.0,12.0
67,0.0,1.0,0.0,0.0,0.0,0.0,0.0,0.0,6.0,12.0,11.0,9.0,9.0,11.0,15.0,15.0,14.0,12.0,9.0,14.0,11.0,10.0,10.0,12.0,12.0,12.0,12.0,11.0
68,0.0,1.0,0.0,0.0,0.0,0.0,0.0,0.0,7.0,11.0,16.0,10.0,12.0,14.0,13.0,14.0,11.0,10.0,9.0,15.0,8.0,12.0,11.0,11.0,15.0,11.0,10.0,10.0
69,0.0,1.0,0.0,0.0,0.0,0.0,0.0,0.0,7.0,10.0,16.0,11.0,14.0,13.0,13.0,14.0,14.0,10.0,11.0,13.0,10.0,11.0,10.0,13.0,12.0,11.0,13.0,13.0
70,0.0,1.0,0.0,0.0,0.0,0.0,0.0,0.0,6.0,14.0,16.0,13.0,15.0,10.0,15.0,10.0,13.0,9.0,14.0,9.0,13.0,11.0,13.0,9.0,14.0,12.0,13.0,14.0
71,0.0,1.0,0.0,0.0,0.0,0.0,0.0,0.0,6.0,16.0,13.0,14.0,12.0,11.0,18.0,11.0,14.0,12.0,14.0,9.0,12.0,10.0,11.0,9.0,12.0,10.0,14.0,16.0
72,0.0,1.0,0.0,0.0,0.0,0.0,0.0,0.0,6.0,15.0,12.0,12.0,16.0,13.0,13.0,12.0,12.0,15.0,15.0,12.0,12.0,12.0,12.0,10.0,15.0,10.0,11.0,13.0
73,0.0,1.0,0.0,0.0,0.0,0.0,0.0,0.0,7.0,13.0,12.0,11.0,14.0,14.0,12.0,14.0,8.0,13.0,11.0,12.0,12.0,12.0,12.0,12.0,14.0,12.0,10.0,13.0
74,0.0,1.0,0.0,0.0,0.0,0.0,0.0,0.0,8.0,16.0,16.0,12.0,15.0,15.0,8.0,12.0,7.0,12.0,9.0,12.0,16.0,12.0,10.0,14.0,11.0,14.0,8.0,11.0
75,0.0,1.0,0.0,0.0,0.0,0.0,0.0,0.0,7.0,13.0,16.0,15.0,14.0,14.0,10.0,13.0,10.0,9.0,10.0,10.0,14.0,12.0,12.0,8.0,11.0,14.0,8.0,10.0
76,0.0,1.0,0.0,0.0,0.0,0.0,0.0,0.0,5.0,13.0,17.0,18.0,11.0,12.0,11.0,13.0,14.0,11.0,13.0,9.0,13.0,13.0,12.0,9.0,10.0,8.0,12.0,13.0
77,0.0,2.0,1.0,0.0,0.0,2.0,0.0,1.0,3.0,11.0,14.0,17.0,11.0,9.0,14.0,15.0,14.0,11.0,14.0,10.0,10.0,12.0,13.0,10.0,10.0,10.0,14.0,12.0
78,0.0,2.0,2.0,0.0,0.0,2.0,0.0,1.0,4.0,12.0,14.0,16.0,11.0,11.0,13.0,15.0,13.0,15.0,13.0,10.0,9.0,14.0,12.0,12.0,12.0,10.0,12.0,11.0
79,1.0,2.0,3.0,1.0,0.0,3.0,0.0,1.0,8.0,12.0,12.0,13.0,14.0,13.0,13.0,10.0,12.0,14.0,10.0,11.0,10.0,14.0,12.0,15.0,13.0,13.0,12.0,9.0
80,2.0,2.0,3.0,1.0,0.0,3.0,0.0,3.0,9.0,13.0,11.0,10.0,13.0,16.0,9.0,7.0,9.0,13.0,10.0,12.0,10.0,12.0,11.0,15.0,13.0,11.0,12.0,12.0
81,2.0,2.0,3.0,3.0,0.0,3.0,0.0,1.0,5.0,13.0,9.0,9.0,10.0,16.0,11.0,8.0,11.0,13.0,11.0,10.0,11.0,10.0,13.0,16.0,11.0,10.0,13.0,10.0
82,3.0,2.0,3.0,4.0,0.0,3.0,1.0,2.0,6.0,14.0,11.0,11.0,12.0,11.0,13.0,12.0,11.0,14.0,14.0,12.0,11.0,10.0,15.0,14.0,12.0,10.0,15.0,13.0
83,5.0,2.0,3.0,4.0,0.0,5.0,3.0,2.0,5.0,12.0,14.0,12.0,10.0,9.0,17.0,15.0,11.0,12.0,15.0,10.0,14.0,12.0,14.0,9.0,15.0,12.0,12.0,13.0
84,6.0,3.0,3.0,5.0,0.0,4.0,4.0,3.0,7.0,11.0,10.0,15.0,10.0,10.0,15.0,17.0,12.0,10.0,15.0,13.0,14.0,12.0,13.0,6.0,17.0,12.0,11.0,7.0
85,6.0,4.0,4.0,5.0,0.0,4.0,7.0,3.0,6.0,14.0,11.0,14.0,13.0,16.0,11.0,12.0,12.0,12.0,13.0,12.0,11.0,11.0,13.0,9.0,14.0,13.0,14.0,10.0
86,7.0,4.0,5.0,5.0,1.0,4.0,9.0,5.0,6.0,15.0,8.0,13.0,17.0,18.0,10.0,10.0,12.0,12.0,12.0,13.0,9.0,8.0,14.0,14.0,11.0,11.0,14.0,8.0
87,8.0,7.0,5.0,6.0,1.0,6.0,9.0,5.0,6.0,18.0,9.0,11.0,13.0,15.0,10.0,13.0,10.0,11.0,12.0,13.0,13.0,8.0,12.0,17.0,9.0,13.0,12.0,13.0
88,9.0,8.0,6.0,6.0,1.0,8.0,7.0,6.0,6.0,17.0,11.0,13.0,12.0,10.0,10.0,13.0,11.0,11.0,12.0,14.0,15.0,11.0,14.0,15.0,12.0,13.0,12.0,15.0
89,11.0,10.0,9.0,6.0,2.0,10.0,8.0,6.0,7.0,13.0,14.0,13.0,11.0,8.0,12.0,10.0,11.0,13.0,10.0,13.0,13.0,12.0,12.0,14.0,13.0,13.0,13.0,14.0
90,11.0,11.0,9.0,6.0,2.0,10.0,7.0,6.0,8.0,12.0,12.0,15.0,15.0,9.0,10.0,8.0,9.0,13.0,10.0,11.0,11.0,11.0,14.0,12.0,12.0,12.0,13.0,15.0
91,12.0,11.0,11.0,7.0,3.0,10.0,7.0,5.0,6.0,11.0,11.0,12.0,14.0,15.0,10.0,9.0,11.0,11.0,11.0,11.0,11.0,11.0,13.0,11.0,12.0,10.0,12.0,15.0
92,12.0,13.0,11.0,11.0,5.0,11.0,7.0,5.0,7.0,16.0,12.0,8.0,15.0,17.0,10.0,13.0,9.0,9.0,13.0,12.0,12.0,10.0,13.0,10.0,14.0,12.0,12.0,15.0
93,12.0,13.0,11.0,10.0,9.0,11.0,7.0,5.0,5.0,15.0,12.0,8.0,16.0,13.0,13.0,14.0,9.0,11.0,13.0,14.0,12.0,13.0,12.0,10.0,14.0,9.0,12.0,14.0
94,14.0,13.0,12.0,11.0,11.0,10.0,8.0,5.0,8.0,14.0,12.0,10.0,14.0,12.0,14.0,15.0,11.0,9.0,11.0,14.0,11.0,14.0,10.0,13.0,16.0,12.0,10.0,12.0
95,15.0,12.0,13.0,11.0,9.0,8.0,7.0,6.0,9.0,11.0,14.0,17.0,13.0,14.0,17.0,15.0,12.0,13.0,12.0,15.0,11.0,14.0,11.0,13.0,11.0,14.0,9.0,10.0
96,14.0,11.0,13.0,11.0,8.0,8.0,5.0,6.0,7.0,14.0,15.0,13.0,10.0,18.0,16.0,15.0,12.0,13.0,13.0,15.0,11.0,12.0,13.0,14.0,12.0,15.0,8.0,12.0
97,14.0,11.0,13.0,12.0,7.0,8.0,5.0,4.0,6.0,15.0,14.0,14.0,11.0,15.0,13.0,10.0,13.0,14.0,15.0,12.0,15.0,12.0,14.0,11.0,13.0,14.0,10.0,14.0
98,12.0,12.0,13.0,12.0,5.0,8.0,2.0,5.0,7.0,17.0,13.0,13.0,9.0,13.0,11.0,8.0,15.0,13.0,14.0,7.0,15.0,12.0,13.0,11.0,15.0,16.0,13.0,11.0
99,12.0,14.0,13.0,13.0,6.0,8.0,3.0,5.0,9.0,16.0,16.0,15.0,14.0,12.0,14.0,11.0,14.0,14.0,12.0,9.0,13.0,12.0,10.0,14.0,14.0,12.0,13.0,9.0
100,11.0,15.0,13.0,12.0,7.0,8.0,4.0,5.0,7.0,16.0,16.0,14.0,16.0,15.0,17.0,13.0,14.0,10.0,11.0,17.0,13.0,16.0,11.0,15.0,12.0,13.0,13.0,11.0
101,11.0,15.0,12.0,11.0,6.0,8.0,5.0,4.0,6.0,10.0,16.0,15.0,16.0,16.0,16.0,14.0,14.0,9.0,14.0,16.0,14.0,13.0,16.0,15.0,13.0,11.0,14.0,15.0
102,11.0,14.0,12.0,11.0,5.0,6.0,3.0,2.0,10.0,10.0,13.0,14.0,14.0,17.0,14.0,13.0,16.0,14.0,18.0,14.0,13.0,13.0,16.0,15.0,11.0,13.0,14.0,14.0
103,11.0,14.0,12.0,11.0,3.0,6.0,2.0,1.0,9.0,16.0,15.0,13.0,14.0,14.0,14.0,10.0,16.0,14.0,12.0,12.0,13.0,14.0,15.0,14.0,11.0,16.0,12.0,11.0
104,11.0,14.0,16.0,12.0,2.0,5.0,4.0,1.0,3.0,18.0,15.0,14.0,15.0,12.0,15.0,11.0,12.0,12.0,9.0,13.0,16.0,13.0,12.0,13.0,12.0,16.0,11.0,13.0
105,11.0,14.0,14.0,12.0,3.0,4.0,3.0,2.0,4.0,15.0,12.0,14.0,15.0,13.0,15.0,12.0,11.0,12.0,11.0,13.0,17.0,9.0,12.0,13.0,14.0,14.0,13.0,14.0
106,11.0,13.0,14.0,13.0,5.0,5.0,3.0,3.0,8.0,12.0,13.0,14.0,14.0,10.0,13.0,10.0,12.0,16.0,12.0,13.0,16.0,9.0,13.0,12.0,10.0,12.0,14.0,14.0
107,11.0,13.0,12.0,13.0,6.0,4.0,3.0,3.0,7.0,14.0,14.0,11.0,13.0,11.0,14.0,10.0,13.0,15.0,13.0,15.0,14.0,8.0,13.0,12.0,12.0,10.0,16.0,11.0
108,11.0,12.0,12.0,13.0,4.0,4.0,3.0,3.0,5.0,11.0,11.0,11.0,13.0,10.0,14.0,10.0,12.0,12.0,11.0,14.0,14.0,10.0,14.0,13.0,11.0,12.0,14.0,11.0
109,11.0,11.0,12.0,13.0,4.0,3.0,4.0,3.0,4.0,12.0,13.0,12.0,14.0,12.0,14.0,12.0,12.0,13.0,11.0,14.0,12.0,13.0,14.0,12.0,13.0,12.0,14.0,10.0
110,11.0,11.0,11.0,13.0,2.0,3.0,4.0,3.0,7.0,12.0,12.0,13.0,11.0,11.0,13.0,16.0,11.0,13.0,12.0,11.0,13.0,14.0,13.0,13.0,12.0,16.0,10.0,11.0
111,12.0,10.0,11.0,13.0,3.0,3.0,5.0,4.0,6.0,17.0,14.0,14.0,10.0,11.0,10.0,15.0,13.0,12.0,15.0,11.0,12.0,15.0,13.0,13.0,9.0,13.0,11.0,12.0
112,11.0,11.0,11.0,10.0,2.0,3.0,5.0,4.0,8.0,14.0,11.0,14.0,10.0,9.0,10.0,11.0,14.0,13.0,14.0,12.0,14.0,10.0,12.0,13.0,11.0,14.0,11.0,15.0
113,10.0,9.0,10.0,9.0,2.0,3.0,5.0,3.0,7.0,14.0,12.0,12.0,13.0,12.0,12.0,8.0,15.0,14.0,14.0,13.0,12.0,12.0,12.0,11.0,12.0,12.0,13.0,13.0
114,9.0,9.0,10.0,9.0,3.0,3.0,4.0,5.0,9.0,13.0,15.0,10.0,14.0,15.0,15.0,10.0,13.0,14.0,13.0,10.0,13.0,14.0,12.0,9.0,16.0,15.0,12.0,12.0
115,8.0,9.0,10.0,8.0,2.0,3.0,4.0,4.0,6.0,15.0,16.0,12.0,12.0,16.0,16.0,13.0,9.0,12.0,17.0,9.0,14.0,14.0,14.0,11.0,14.0,14.0,9.0,15.0
116,6.0,10.0,9.0,6.0,2.0,3.0,3.0,4.0,6.0,11.0,14.0,13.0,10.0,14.0,12.0,14.0,8.0,13.0,16.0,12.0,16.0,13.0,16.0,13.0,12.0,10.0,12.0,11.0
117,6.0,10.0,8.0,6.0,2.0,4.0,2.0,4.0,4.0,11.0,12.0,12.0,12.0,13.0,12.0,9.0,10.0,13.0,14.0,14.0,16.0,11.0,14.0,15.0,11.0,11.0,12.0,10.0
118,5.0,10.0,8.0,6.0,2.0,3.0,3.0,5.0,5.0,11.0,14.0,13.0,15.0,14.0,13.0,10.0,13.0,15.0,7.0,14.0,16.0,11.0,11.0,12.0,13.0,11.0,14.0,9.0
119,6.0,10.0,8.0,6.0,2.0,3.0,3.0,5.0,8.0,15.0,14.0,13.0,12.0,11.0,15.0,8.0,14.0,11.0,8.0,12.0,13.0,8.0,13.0,10.0,17.0,16.0,15.0,11.0
120,6.0,9.0,7.0,6.0,2.0,2.0,4.0,3.0,8.0,15.0,12.0,13.0,12.0,11.0,14.0,11.0,14.0,11.0,9.0,11.0,11.0,9.0,12.0,8.0,13.0,16.0,14.0,13.0
121,7.0,8.0,7.0,7.0,2.0,2.0,4.0,3.0,7.0,18.0,14.0,13.0,9.0,10.0,12.0,11.0,12.0,11.0,15.0,11.0,11.0,11.0,10.0,10.0,10.0,15.0,11.0,13.0
122,7.0,7.0,7.0,6.0,2.0,1.0,4.0,3.0,3.0,18.0,14.0,14.0,13.0,13.0,13.0,13.0,12.0,13.0,14.0,13.0,13.0,9.0,9.0,12.0,12.0,13.0,12.0,12.0
123,7.0,7.0,7.0,5.0,2.0,0.0,3.0,2.0,3.0,15.0,13.0,14.0,11.0,15.0,14.0,13.0,11.0,14.0,10.0,15.0,14.0,11.0,10.0,14.0,12.0,12.0,11.0,12.0
124,7.0,6.0,7.0,5.0,2.0,0.0,2.0,2.0,5.0,11.0,12.0,13.0,11.0,11.0,15.0,10.0,9.0,11.0,9.0,12.0,14.0,11.0,9.0,11.0,12.0,11.0,13.0,14.0
125,7.0,6.0,7.0,4.0,2.0,0.0,2.0,1.0,8.0,9.0,14.0,11.0,11.0,10.0,15.0,10.0,12.0,11.0,8.0,14.0,15.0,15.0,11.0,10.0,13.0,14.0,12.0,17.0
126,8.0,6.0,5.0,4.0,0.0,0.0,2.0,1.0,10.0,11.0,16.0,9.0,10.0,7.0,12.0,9.0,14.0,11.0,11.0,13.0,13.0,14.0,11.0,9.0,10.0,13.0,12.0,16.0
127,6.0,6.0,5.0,3.0,0.0,0.0,2.0,1.0,5.0,13.0,15.0,11.0,10.0,10.0,12.0,12.0,16.0,11.0,11.0,14.0,13.0,11.0,7.0,10.0,10.0,13.0,11.0,12.0
128,6.0,6.0,4.0,2.0,0.0,0.0,2.0,1.0,6.0,16.0,13.0,14.0,10.0,13.0,11.0,13.0,15.0,14.0,13.0,12.0,13.0,11.0,10.0,13.0,11.0,12.0,11.0,11.0
129,6.0,5.0,4.0,3.0,0.0,0.0,2.0,2.0,4.0,17.0,13.0,15.0,11.0,14.0,15.0,13.0,16.0,13.0,13.0,12.0,11.0,12.0,13.0,13.0,14.0,11.0,10.0,10.0
130,6.0,5.0,3.0,3.0,0.0,0.0,2.0,1.0,8.0,12.0,14.0,15.0,12.0,13.0,17.0,14.0,14.0,15.0,12.0,13.0,11.0,14.0,15.0,11.0,16.0,11.0,12.0,11.0
131,6.0,5.0,3.0,3.0,0.0,0.0,2.0,1.0,10.0,13.0,15.0,12.0,14.0,12.0,17.0,14.0,14.0,13.0,12.0,15.0,12.0,11.0,15.0,16.0,14.0,14.0,13.0,12.0
132,6.0,5.0,3.0,3.0,0.0,0.0,1.0,1.0,6.0,12.0,13.0,13.0,14.0,13.0,13.0,15.0,14.0,13.0,17.0,17.0,15.0,11.0,17.0,14.0,15.0,14.0,13.0,13.0
133,5.0,5.0,3.0,4.0,0.0,0.0,2.0,2.0,3.0,15.0,14.0,9.0,15.0,16.0,11.0,12.0,13.0,12.0,15.0,17.0,13.0,12.0,14.0,13.0,14.0,15.0,12.0,13.0
134,5.0,5.0,3.0,4.0,0.0,0.0,1.0,2.0,5.0,15.0,16.0,11.0,16.0,16.0,14.0,13.0,12.0,11.0,14.0,14.0,9.0,13.0,10.0,12.0,10.0,13.0,12.0,14.0
135,5.0,5.0,3.0,4.0,0.0,0.0,2.0,2.0,7.0,12.0,16.0,13.0,14.0,14.0,11.0,13.0,14.0,11.0,14.0,12.0,10.0,16.0,11.0,10.0,10.0,12.0,14.0,14.0
136,5.0,4.0,3.0,4.0,0.0,0.0,2.0,2.0,7.0,12.0,13.0,15.0,14.0,12.0,12.0,14.0,14.0,12.0,13.0,12.0,9.0,13.0,13.0,13.0,10.0,9.0,12.0,13.0
137,6.0,3.0,3.0,4.0,0.0,1.0,2.0,1.0,7.0,12.0,10.0,15.0,11.0,9.0,11.0,12.0,14.0,13.0,11.0,14.0,10.0,13.0,16.0,10.0,9.0,10.0,11.0,12.0
138,5.0,3.0,4.0,4.0,0.0,0.0,2.0,1.0,5.0,12.0,11.0,15.0,10.0,12.0,14.0,12.0,12.0,11.0,13.0,12.0,14.0,9.0,14.0,12.0,14.0,12.0,12.0,11.0
139,5.0,3.0,4.0,4.0,0.0,0.0,2.0,1.0,6.0,13.0,10.0,15.0,13.0,12.0,17.0,12.0,13.0,12.0,12.0,12.0,16.0,12.0,13.0,9.0,12.0,14.0,11.0,10.0
140,5.0,3.0,4.0,4.0,0.0,0.0,2.0,1.0,7.0,11.0,15.0,14.0,14.0,11.0,14.0,10.0,10.0,13.0,12.0,13.0,13.0,10.0,12.0,11.0,13.0,13.0,12.0,10.0
141,3.0,2.0,4.0,4.0,0.0,0.0,1.0,0.0,8.0,13.0,17.0,12.0,14.0,12.0,11.0,11.0,9.0,14.0,10.0,14.0,13.0,13.0,14.0,12.0,11.0,9.0,13.0,10.0
142,2.0,2.0,4.0,4.0,0.0,0.0,1.0,1.0,7.0,14.0,15.0,11.0,13.0,13.0,10.0,11.0,9.0,15.0,8.0,14.0,14.0,12.0,15.0,13.0,11.0,11.0,14.0,16.0
143,2.0,2.0,4.0,4.0,0.0,0.0,1.0,2.0,5.0,12.0,14.0,11.0,11.0,14.0,12.0,13.0,12.0,15.0,9.0,14.0,15.0,12.0,13.0,15.0,12.0,13.0,12.0,14.0
144,2.0,2.0,4.0,4.0,0.0,0.0,1.0,2.0,5.0,13.0,13.0,13.0,11.0,13.0,11.0,13.0,13.0,15.0,6.0,15.0,9.0,10.0,12.0,15.0,12.0,16.0,10.0,14.0
145,2.0,2.0,4.0,4.0,0.0,0.0,1.0,1.0,7.0,15.0,14.0,16.0,12.0,14.0,13.0,11.0,14.0,14.0,12.0,12.0,10.0,11.0,10.0,17.0,12.0,15.0,11.0,13.0
146,2.0,2.0,4.0,4.0,0.0,0.0,1.0,1.0,8.0,17.0,13.0,16.0,13.0,16.0,13.0,10.0,13.0,12.0,15.0,11.0,13.0,12.0,14.0,12.0,12.0,12.0,14.0,13.0
147,2.0,2.0,4.0,4.0,0.0,0.0,1.0,1.0,7.0,14.0,13.0,12.0,13.0,14.0,11.0,12.0,11.0,12.0,14.0,11.0,13.0,13.0,14.0,13.0,15.0,13.0,15.0,13.0
148,2.0,2.0,4.0,4.0,0.0,0.0,1.0,1.0,9.0,13.0,15.0,12.0,15.0,14.0,11.0,13.0,13.0,12.0,13.0,15.0,13.0,12.0,14.0,15.0,14.0,12.0,13.0,14.0
149,2.0,2.0,3.0,4.0,0.0,1.0,1.0,1.0,9.0,14.0,17.0,13.0,17.0,12.0,13.0,14.0,15.0,12.0,12.0,17.0,10.0,13.0,11.0,14.0,12.0,10.0,12.0,12.0
150,2.0,2.0,3.0,3.0,0.0,1.0,1.0,1.0,5.0,13.0,17.0,13.0,15.0,13.0,16.0,14.0,16.0,10.0,12.0,16.0,10.0,13.0,10.0,12.0,12.0,12.0,11.0,9.0
151,2.0,2.0,3.0,3.0,0.0,0.0,1.0,1.0,5.0,12.0,16.0,15.0,13.0,14.0,14.0,15.0,13.0,10.0,10.0,12.0,13.0,9.0,12.0,12.0,14.0,11.0,11.0,12.0
152,1.0,2.0,3.0,3.0,0.0,1.0,1.0,1.0,5.0,15.0,13.0,15.0,11.0,15.0,12.0,17.0,12.0,13.0,13.0,9.0,11.0,11.0,10.0,10.0,11.0,13.0,13.0,13.0
153,1.0,2.0,3.0,3.0,0.0,0.0,1.0,1.0,7.0,14.0,14.0,14.0,9.0,16.0,16.0,15.0,11.0,15.0,13.0,11.0,13.0,16.0,11.0,12.0,13.0,13.0,15.0,14.0
154,1.0,2.0,3.0,3.0,0.0,0.0,0.0,1.0,6.0,13.0,16.0,14.0,10.0,14.0,12.0,8.0,12.0,15.0,11.0,13.0,11.0,18.0,13.0,12.0,13.0,14.0,14.0,15.0
155,1.0,2.0,3.0,3.0,0.0,0.0,1.0,1.0,6.0,15.0,14.0,12.0,14.0,14.0,13.0,8.0,14.0,11.0,9.0,14.0,13.0,16.0,12.0,13.0,9.0,13.0,11.0,12.0
156,1.0,2.0,3.0,3.0,0.0,0.0,1.0,1.0,7.0,16.0,13.0,12.0,13.0,11.0,13.0,15.0,15.0,11.0,9.0,14.0,14.0,14.0,12.0,10.0,10.0,14.0,11.0,9.0
157,1.0,2.0,3.0,3.0,0.0,0.0,1.0,1.0,10.0,15.0,13.0,14.0,13.0,13.0,14.0,16.0,13.0,14.0,15.0,13.0,16.0,14.0,12.0,11.0,9.0,17.0,13.0,8.0
158,1.0,1.0,3.0,3.0,0.0,0.0,1.0,1.0,8.0,12.0,16.0,16.0,10.0,12.0,14.0,12.0,14.0,12.0,15.0,12.0,16.0,14.0,14.0,15.0,10.0,14.0,11.0,14.0
159,1.0,1.0,3.0,3.0,0.0,0.0,0.0,1.0,5.0,15.0,17.0,15.0,13.0,14.0,14.0,12.0,15.0,12.0,12.0,11.0,14.0,16.0,15.0,14.0,14.0,12.0,10.0,16.0
160,1.0,1.0,3.0,2.0,0.0,0.0,0.0,1.0,4.0,18.0,15.0,11.0,14.0,13.0,13.0,13.0,11.0,9.0,9.0,13.0,13.0,13.0,14.0,14.0,15.0,9.0,14.0,15.0
161,1.0,1.0,3.0,2.0,0.0,0.0,0.0,1.0,7.0,13.0,14.0,14.0,15.0,11.0,12.0,11.0,11.0,9.0,11.0,13.0,11.0,9.0,10.0,11.0,14.0,11.0,16.0,16.0
162,1.0,1.0,3.0,2.0,0.0,0.0,0.0,1.0,9.0,14.0,12.0,15.0,14.0,10.0,13.0,11.0,13.0,11.0,12.0,12.0,13.0,11.0,12.0,12.0,13.0,12.0,14.0,14.0
163,1.0,1.0,3.0,2.0,0.0,0.0,0.0,0.0,8.0,14.0,14.0,16.0,14.0,12.0,15.0,11.0,15.0,11.0,13.0,11.0,14.0,11.0,11.0,12.0,12.0,14.0,12.0,13.0
164,1.0,1.0,2.0,2.0,0.0,0.0,0.0,0.0,7.0,13.0,13.0,14.0,13.0,8.0,14.0,10.0,14.0,14.0,10.0,10.0,13.0,14.0,11.0,13.0,13.0,12.0,9.0,13.0
165,1.0,1.0,2.0,2.0,0.0,0.0,0.0,0.0,8.0,9.0,12.0,11.0,11.0,11.0,11.0,12.0,12.0,10.0,10.0,11.0,12.0,13.0,10.0,14.0,11.0,14.0,10.0,12.0
166,1.0,1.0,2.0,2.0,0.0,0.0,0.0,0.0,7.0,10.0,12.0,11.0,12.0,9.0,9.0,12.0,11.0,12.0,10.0,14.0,12.0,13.0,11.0,13.0,11.0,14.0,11.0,10.0
167,1.0,1.0,1.0,2.0,0.0,0.0,0.0,0.0,4.0,9.0,11.0,10.0,12.0,13.0,12.0,11.0,11.0,11.0,12.0,14.0,12.0,12.0,10.0,11.0,9.0,14.0,12.0,7.0
168,1.0,1.0,1.0,2.0,0.0,0.0,0.0,0.0,4.0,12.0,14.0,15.0,12.0,14.0,13.0,10.0,11.0,12.0,13.0,12.0,13.0,12.0,10.0,10.0,9.0,11.0,12.0,10.0
169,1.0,1.0,1.0,2.0,0.0,0.0,0.0,0.0,2.0,15.0,16.0,14.0,13.0,15.0,12.0,10.0,11.0,14.0,12.0,9.0,11.0,11.0,12.0,10.0,11.0,6.0,13.0,11.0
170,1.0,1.0,1.0,2.0,0.0,0.0,0.0,0.0,9.0,15.0,19.0,12.0,12.0,14.0,13.0,12.0,10.0,10.0,13.0,7.0,11.0,11.0,16.0,12.0,11.0,10.0,14.0,13.0
171,1.0,1.0,1.0,2.0,1.0,0.0,0.0,0.0,9.0,16.0,12.0,13.0,14.0,10.0,14.0,15.0,10.0,10.0,12.0,11.0,11.0,11.0,13.0,15.0,14.0,12.0,14.0,14.0
172,1.0,1.0,1.0,1.0,0.0,1.0,0.0,0.0,7.0,10.0,10.0,13.0,12.0,10.0,12.0,14.0,9.0,10.0,14.0,13.0,15.0,13.0,9.0,14.0,14.0,14.0,14.0,14.0
173,1.0,1.0,1.0,1.0,0.0,1.0,0.0,0.0,5.0,13.0,12.0,14.0,12.0,14.0,12.0,11.0,11.0,14.0,12.0,14.0,13.0,13.0,9.0,14.0,12.0,11.0,14.0,12.0
174,1.0,1.0,1.0,1.0,0.0,1.0,0.0,0.0,6.0,12.0,16.0,11.0,15.0,16.0,12.0,12.0,14.0,12.0,13.0,12.0,10.0,12.0,11.0,13.0,9.0,9.0,13.0,12.0
175,1.0,1.0,1.0,1.0,0.0,1.0,0.0,0.0,6.0,13.0,14.0,9.0,14.0,14.0,13.0,11.0,16.0,13.0,11.0,12.0,9.0,10.0,15.0,11.0,9.0,10.0,12.0,12.0
176,1.0,1.0,1.0,1.0,0.0,1.0,0.0,0.0,8.0,10.0,11.0,13.0,13.0,13.0,15.0,11.0,16.0,12.0,13.0,13.0,11.0,10.0,13.0,11.0,12.0,13.0,12.0,14.0
177,1.0,1.0,1.0,1.0,0.0,1.0,0.0,0.0,4.0,11.0,11.0,16.0,11.0,13.0,15.0,10.0,13.0,11.0,13.0,14.0,12.0,9.0,13.0,11.0,13.0,15.0,10.0,14.0
178,1.0,1.0,1.0,1.0,0.0,1.0,0.0,0.0,6.0,12.0,10.0,15.0,6.0,15.0,15.0,12.0,11.0,9.0,11.0,14.0,12.0,9.0,10.0,11.0,13.0,14.0,11.0,10.0
179,1.0,1.0,1.0,1.0,0.0,0.0,0.0,0.0,4.0,14.0,11.0,12.0,6.0,13.0,14.0,12.0,9.0,11.0,13.0,12.0,12.0,9.0,10.0,13.0,14.0,11.0,11.0,11.0
180,1.0,1.0,1.0,1.0,0.0,0.0,0.0,0.0,6.0,14.0,11.0,11.0,5.0,10.0,13.0,11.0,13.0,13.0,12.0,13.0,14.0,10.0,11.0,12.0,14.0,8.0,14.0,8.0
181,1.0,1.0,1.0,1.0,0.0,0.0,0.0,0.0,5.0,15.0,11.0,12.0,10.0,11.0,12.0,9.0,14.0,12.0,13.0,14.0,11.0,11.0,9.0,9.0,11.0,8.0,14.0,10.0
182,1.0,1.0,1.0,1.0,0.0,0.0,0.0,0.0,7.0,12.0,7.0,11.0,14.0,9.0,12.0,9.0,14.0,9.0,11.0,11.0,8.0,12.0,10.0,6.0,11.0,9.0,11.0,12.0
183,1.0,1.0,1.0,1.0,0.0,0.0,0.0,0.0,7.0,11.0,8.0,13.0,15.0,11.0,12.0,9.0,14.0,7.0,11.0,10.0,8.0,10.0,11.0,6.0,10.0,12.0,12.0,14.0
184,1.0,1.0,1.0,1.0,0.0,0.0,0.0,0.0,7.0,12.0,10.0,14.0,16.0,13.0,13.0,11.0,15.0,11.0,13.0,10.0,8.0,10.0,13.0,11.0,12.0,13.0,12.0,16.0
185,1.0,1.0,1.0,1.0,0.0,0.0,0.0,0.0,5.0,13.0,11.0,14.0,15.0,15.0,14.0,13.0,13.0,11.0,11.0,11.0,11.0,9.0,14.0,9.0,9.0,15.0,10.0,17.0
186,1.0,1.0,1.0,1.0,0.0,0.0,0.0,0.0,2.0,11.0,16.0,14.0,12.0,14.0,9.0,11.0,12.0,11.0,8.0,12.0,12.0,8.0,13.0,10.0,9.0,13.0,12.0,13.0
187,1.0,1.0,1.0,1.0,0.0,0.0,0.0,0.0,3.0,12.0,14.0,15.0,11.0,13.0,7.0,11.0,10.0,11.0,10.0,13.0,12.0,13.0,13.0,12.0,10.0,14.0,14.0,13.0
188,1.0,1.0,1.0,1.0,0.0,0.0,0.0,0.0,6.0,13.0,12.0,16.0,12.0,13.0,9.0,8.0,10.0,10.0,10.0,15.0,12.0,12.0,14.0,12.0,11.0,11.0,15.0,9.0
189,1.0,1.0,1.0,1.0,0.0,0.0,0.0,0.0,8.0,12.0,9.0,14.0,13.0,12.0,9.0,9.0,12.0,12.0,12.0,14.0,14.0,15.0,14.0,11.0,9.0,10.0,16.0,10.0
190,1.0,1.0,1.0,1.0,0.0,0.0,0.0,0.0,8.0,17.0,12.0,13.0,14.0,13.0,12.0,9.0,12.0,12.0,12.0,15.0,14.0,11.0,12.0,10.0,12.0,11.0,16.0,14.0
191,1.0,1.0,1.0,1.0,0.0,0.0,0.0,0.0,8.0,17.0,15.0,11.0,10.0,12.0,12.0,12.0,12.0,10.0,10.0,15.0,14.0,11.0,12.0,12.0,11.0,10.0,13.0,15.0
192,1.0,1.0,1.0,1.0,0.0,0.0,0.0,0.0,6.0,14.0,17.0,11.0,11.0,11.0,12.0,11.0,13.0,12.0,9.0,13.0,12.0,10.0,10.0,14.0,12.0,12.0,12.0,15.0
193,1.0,1.0,1.0,1.0,0.0,0.0,0.0,0.0,6.0,12.0,15.0,12.0,11.0,11.0,13.0,13.0,13.0,12.0,11.0,10.0,11.0,12.0,14.0,15.0,14.0,13.0,9.0,11.0
194,1.0,1.0,1.0,1.0,0.0,0.0,0.0,0.0,6.0,10.0,12.0,10.0,12.0,14.0,16.0,11.0,11.0,12.0,11.0,8.0,7.0,10.0,14.0,15.0,12.0,11.0,12.0,13.0
195,1.0,1.0,1.0,1.0,0.0,0.0,0.0,0.0,9.0,12.0,9.0,10.0,13.0,14.0,15.0,11.0,12.0,11.0,12.0,8.0,7.0,13.0,14.0,13.0,14.0,9.0,7.0,11.0
196,1.0,1.0,1.0,1.0,0.0,0.0,0.0,0.0,9.0,15.0,9.0,10.0,13.0,13.0,12.0,13.0,10.0,10.0,12.0,9.0,9.0,12.0,11.0,10.0,14.0,9.0,11.0,10.0
197,1.0,1.0,1.0,1.0,0.0,0.0,0.0,0.0,5.0,14.0,10.0,13.0,13.0,12.0,8.0,12.0,12.0,13.0,12.0,14.0,12.0,13.0,9.0,11.0,14.0,12.0,10.0,11.0
198,1.0,1.0,1.0,1.0,0.0,0.0,0.0,0.0,4.0,15.0,13.0,16.0,11.0,12.0,7.0,13.0,9.0,11.0,11.0,14.0,16.0,13.0,9.0,12.0,12.0,12.0,10.0,12.0
199,1.0,1.0,1.0,1.0,0.0,0.0,0.0,0.0,4.0,14.0,16.0,17.0,13.0,12.0,9.0,15.0,9.0,12.0,9.0,13.0,15.0,12.0,10.0,15.0,9.0,13.0,11.0,10.0
200,1.0,1.0,1.0,1.0,0.0,0.0,0.0,0.0,9.0,14.0,15.0,16.0,12.0,11.0,13.0,15.0,10.0,12.0,8.0,13.0,11.0,15.0,12.0,13.0,9.0,12.0,13.0,14.0
201,1.0,1.0,1.0,1.0,0.0,0.0,0.0,0.0,8.0,14.0,15.0,13.0,13.0,10.0,15.0,11.0,11.0,11.0,9.0,11.0,11.0,10.0,12.0,12.0,12.0,13.0,13.0,13.0
202,1.0,1.0,1.0,1.0,0.0,0.0,0.0,0.0,6.0,14.0,11.0,9.0,14.0,11.0,15.0,8.0,13.0,11.0,12.0,11.0,11.0,11.0,10.0,13.0,14.0,13.0,13.0,13.0
203,1.0,1.0,1.0,1.0,0.0,0.0,0.0,0.0,5.0,12.0,12.0,9.0,14.0,14.0,12.0,6.0,9.0,8.0,16.0,11.0,12.0,9.0,9.0,12.0,10.0,12.0,10.0,11.0
204,1.0,1.0,1.0,1.0,0.0,1.0,0.0,0.0,4.0,13.0,13.0,11.0,15.0,15.0,13.0,10.0,9.0,8.0,16.0,12.0,11.0,11.0,9.0,10.0,8.0,12.0,8.0,11.0
205,1.0,1.0,1.0,1.0,0.0,1.0,0.0,0.0,9.0,12.0,13.0,13.0,16.0,14.0,11.0,11.0,9.0,11.0,11.0,13.0,10.0,14.0,11.0,10.0,10.0,14.0,10.0,12.0
206,1.0,1.0,1.0,1.0,0.0,1.0,0.0,0.0,9.0,9.0,15.0,17.0,14.0,13.0,13.0,11.0,13.0,11.0,10.0,11.0,11.0,14.0,13.0,9.0,11.0,12.0,12.0,13.0
207,1.0,1.0,1.0,1.0,0.0,1.0,0.0,0.0,5.0,9.0,11.0,15.0,14.0,9.0,13.0,12.0,17.0,13.0,11.0,11.0,13.0,15.0,13.0,11.0,14.0,11.0,12.0,14.0
208,1.0,1.0,1.0,1.0,0.0,1.0,0.0,0.0,6.0,9.0,13.0,14.0,13.0,11.0,13.0,10.0,13.0,14.0,14.0,10.0,13.0,13.0,14.0,14.0,12.0,10.0,12.0,13.0
209,1.0,1.0,1.0,1.0,0.0,1.0,0.0,0.0,5.0,15.0,13.0,12.0,12.0,15.0,15.0,13.0,11.0,15.0,11.0,11.0,11.0,13.0,12.0,15.0,12.0,12.0,9.0,13.0
210,1.0,1.0,1.0,1.0,1.0,1.0,0.0,0.0,8.0,17.0,14.0,14.0,13.0,15.0,15.0,12.0,8.0,13.0,10.0,11.0,11.0,11.0,15.0,11.0,11.0,15.0,12.0,10.0
211,1.0,1.0,1.0,1.0,1.0,1.0,0.0,0.0,7.0,13.0,14.0,12.0,13.0,12.0,15.0,12.0,9.0,8.0,12.0,11.0,11.0,12.0,10.0,8.0,11.0,12.0,9.0,12.0
212,1.0,1.0,1.0,1.0,1.0,1.0,0.0,0.0,5.0,12.0,14.0,12.0,14.0,10.0,13.0,11.0,11.0,8.0,14.0,11.0,13.0,12.0,12.0,9.0,11.0,12.0,14.0,13.0
213,1.0,1.0,1.0,1.0,1.0,0.0,0.0,0.0,5.0,10.0,14.0,13.0,13.0,11.0,13.0,12.0,15.0,10.0,12.0,10.0,14.0,9.0,10.0,11.0,13.0,10.0,12.0,16.0
214,1.0,1.0,1.0,1.0,1.0,0.0,0.0,0.0,5.0,12.0,12.0,13.0,12.0,10.0,14.0,13.0,12.0,12.0,9.0,12.0,11.0,10.0,12.0,14.0,12.0,8.0,11.0,15.0
215,1.0,1.0,1.0,2.0,1.0,0.0,0.0,0.0,10.0,15.0,13.0,14.0,12.0,13.0,13.0,12.0,12.0,14.0,6.0,12.0,12.0,11.0,13.0,15.0,13.0,9.0,9.0,15.0
216,2.0,1.0,1.0,2.0,1.0,0.0,0.0,0.0,10.0,16.0,13.0,13.0,11.0,14.0,14.0,10.0,12.0,12.0,9.0,13.0,11.0,10.0,10.0,13.0,13.0,14.0,8.0,12.0
217,2.0,1.0,1.0,2.0,1.0,0.0,0.0,0.0,4.0,12.0,12.0,11.0,9.0,11.0,14.0,11.0,11.0,13.0,9.0,13.0,15.0,11.0,10.0,11.0,13.0,13.0,9.0,10.0
218,2.0,1.0,1.0,2.0,1.0,0.0,0.0,0.0,3.0,12.0,12.0,12.0,11.0,10.0,12.0,11.0,11.0,12.0,11.0,14.0,15.0,12.0,10.0,12.0,13.0,14.0,14.0,11.0
219,2.0,1.0,1.0,2.0,1.0,0.0,0.0,0.0,1.0,14.0,10.0,10.0,11.0,9.0,12.0,14.0,11.0,11.0,12.0,11.0,13.0,12.0,14.0,8.0,11.0,12.0,15.0,15.0
220,2.0,1.0,1.0,2.0,1.0,0.0,0.0,0.0,5.0,14.0,10.0,13.0,9.0,10.0,10.0,12.0,8.0,12.0,11.0,10.0,11.0,13.0,14.0,11.0,11.0,12.0,14.0,14.0
221,2.0,1.0,1.0,2.0,1.0,0.0,0.0,0.0,9.0,10.0,13.0,15.0,10.0,10.0,11.0,11.0,8.0,10.0,12.0,10.0,11.0,12.0,8.0,9.0,11.0,10.0,13.0,15.0
222,2.0,1.0,1.0,2.0,1.0,0.0,0.0,0.0,10.0,8.0,14.0,13.0,10.0,11.0,11.0,9.0,8.0,7.0,13.0,10.0,10.0,9.0,7.0,8.0,11.0,7.0,10.0,13.0
223,2.0,1.0,1.0,2.0,1.0,0.0,0.0,0.0,8.0,8.0,16.0,14.0,11.0,11.0,12.0,10.0,10.0,8.0,13.0,13.0,9.0,8.0,7.0,11.0,14.0,8.0,9.0,13.0
224,2.0,1.0,1.0,2.0,2.0,0.0,0.0,0.0,2.0,11.0,15.0,12.0,14.0,14.0,12.0,13.0,13.0,9.0,10.0,11.0,12.0,9.0,8.0,10.0,9.0,10.0,9.0,13.0
225,2.0,1.0,1.0,2.0,2.0,0.0,0.0,0.0,2.0,12.0,14.0,11.0,10.0,14.0,9.0,14.0,13.0,12.0,10.0,9.0,10.0,10.0,10.0,11.0,6.0,11.0,11.0,12.0
226,1.0,1.0,1.0,2.0,2.0,0.0,0.0,0.0,4.0,14.0,12.0,10.0,9.0,12.0,8.0,15.0,13.0,13.0,8.0,9.0,11.0,11.0,10.0,11.0,6.0,15.0,9.0,11.0
227,1.0,1.0,1.0,2.0,1.0,0.0,1.0,0.0,6.0,14.0,9.0,13.0,10.0,11.0,9.0,12.0,13.0,12.0,9.0,8.0,12.0,14.0,10.0,13.0,6.0,14.0,11.0,10.0
228,1.0,1.0,1.0,2.0,0.0,0.0,1.0,0.0,9.0,12.0,10.0,9.0,11.0,10.0,9.0,8.0,12.0,12.0,12.0,11.0,11.0,14.0,11.0,9.0,11.0,14.0,13.0,10.0
229,1.0,1.0,1.0,2.0,0.0,0.0,0.0,0.0,8.0,11.0,13.0,13.0,12.0,9.0,12.0,7.0,12.0,9.0,12.0,10.0,12.0,13.0,9.0,8.0,12.0,13.0,10.0,11.0
230,1.0,1.0,1.0,2.0,0.0,0.0,0.0,0.0,5.0,11.0,16.0,13.0,17.0,10.0,13.0,9.0,13.0,7.0,9.0,8.0,11.0,12.0,10.0,9.0,14.0,11.0,11.0,12.0
231,1.0,1.0,1.0,1.0,0.0,0.0,0.0,0.0,4.0,9.0,17.0,12.0,14.0,12.0,13.0,11.0,10.0,7.0,10.0,10.0,12.0,13.0,9.0,9.0,12.0,11.0,10.0,12.0
232,1.0,1.0,1.0,1.0,0.0,0.0,0.0,0.0,4.0,11.0,17.0,12.0,9.0,13.0,12.0,14.0,9.0,6.0,10.0,12.0,12.0,12.0,10.0,14.0,8.0,13.0,11.0,10.0
233,1.0,1.0,1.0,1.0,0.0,0.0,0.0,0.0,3.0,10.0,16.0,11.0,10.0,14.0,11.0,15.0,9.0,9.0,12.0,13.0,13.0,13.0,9.0,12.0,9.0,12.0,13.0,11.0
234,1.0,1.0,1.0,1.0,0.0,0.0,0.0,1.0,4.0,12.0,14.0,10.0,7.0,14.0,12.0,14.0,13.0,11.0,12.0,12.0,10.0,12.0,10.0,11.0,9.0,12.0,12.0,9.0
235,1.0,1.0,1.0,1.0,0.0,0.0,0.0,1.0,7.0,17.0,13.0,9.0,8.0,13.0,12.0,9.0,13.0,10.0,9.0,11.0,10.0,11.0,10.0,10.0,7.0,11.0,12.0,10.0
236,1.0,1.0,1.0,1.0,0.0,0.0,0.0,0.0,7.0,15.0,13.0,10.0,13.0,13.0,13.0,8.0,14.0,11.0,8.0,9.0,11.0,12.0,11.0,13.0,12.0,11.0,13.0,12.0
237,1.0,1.0,1.0,1.0,0.0,0.0,0.0,0.0,7.0,17.0,12.0,10.0,14.0,11.0,15.0,7.0,13.0,8.0,8.0,11.0,10.0,13.0,14.0,13.0,11.0,10.0,10.0,13.0
238,1.0,1.0,1.0,1.0,0.0,0.0,0.0,0.0,7.0,14.0,12.0,9.0,15.0,9.0,15.0,9.0,12.0,7.0,10.0,12.0,11.0,13.0,12.0,13.0,13.0,8.0,12.0,13.0
