,w1,w2,w3,w4,w5,w6,w7,w8,w9,w10,w11,w12,w13,w14,w15,w16,w17,w18,w19,w20,w21,w22,w23,w24,w25,w26,w27,w28
0,0.0,0.0,0.0,0.0,0.0,0.0,0.0,0.0,8.0,11.0,14.0,7.0,15.0,8.0,11.0,13.0,13.0,13.0,15.0,11.0,11.0,10.0,13.0,14.0,8.0,12.0,11.0,13.0
1,0.0,0.0,0.0,0.0,0.0,0.0,0.0,0.0,6.0,11.0,14.0,10.0,16.0,10.0,7.0,14.0,12.0,9.0,10.0,8.0,12.0,10.0,17.0,14.0,9.0,10.0,10.0,12.0
2,0.0,0.0,0.0,0.0,0.0,0.0,0.0,0.0,3.0,10.0,12.0,12.0,14.0,10.0,6.0,11.0,10.0,9.0,7.0,8.0,11.0,11.0,15.0,14.0,13.0,9.0,9.0,11.0
3,0.0,0.0,0.0,0.0,0.0,0.0,0.0,0.0,4.0,9.0,11.0,15.0,14.0,10.0,9.0,11.0,12.0,12.0,7.0,10.0,14.0,10.0,13.0,13.0,12.0,12.0,10.0,12.0
4,0.0,0.0,0.0,0.0,0.0,0.0,0.0,0.0,3.0,14.0,12.0,12.0,12.0,11.0,13.0,9.0,13.0,11.0,10.0,10.0,12.0,7.0,9.0,13.0,11.0,11.0,9.0,11.0
5,0.0,0.0,0.0,0.0,0.0,0.0,0.0,0.0,5.0,13.0,11.0,11.0,13.0,10.0,14.0,10.0,14.0,11.0,11.0,11.0,12.0,9.0,4.0,12.0,8.0,11.0,10.0,11.0
6,0.0,0.0,0.0,0.0,0.0,0.0,0.0,0.0,6.0,11.0,14.0,9.0,10.0,8.0,13.0,9.0,15.0,10.0,12.0,10.0,9.0,8.0,3.0,8.0,6.0,10.0,12.0,9.0
7,0.0,0.0,0.0,0.0,0.0,0.0,0.0,0.0,6.0,9.0,12.0,9.0,10.0,6.0,9.0,11.0,12.0,11.0,11.0,11.0,8.0,9.0,5.0,6.0,6.0,9.0,11.0,9.0
8,0.0,0.0,0.0,0.0,0.0,0.0,0.0,0.0,6.0,11.0,11.0,10.0,12.0,8.0,9.0,10.0,10.0,12.0,10.0,10.0,7.0,11.0,9.0,7.0,7.0,9.0,11.0,11.0
9,0.0,0.0,0.0,0.0,0.0,0.0,0.0,0.0,3.0,12.0,12.0,12.0,11.0,10.0,7.0,9.0,10.0,11.0,7.0,10.0,8.0,10.0,12.0,5.0,10.0,10.0,12.0,12.0
10,0.0,0.0,0.0,0.0,0.0,0.0,0.0,0.0,4.0,12.0,12.0,12.0,10.0,14.0,9.0,8.0,10.0,12.0,10.0,9.0,10.0,12.0,12.0,8.0,13.0,11.0,10.0,12.0
11,0.0,0.0,0.0,0.0,0.0,0.0,0.0,0.0,5.0,10.0,11.0,12.0,11.0,13.0,9.0,7.0,10.0,13.0,10.0,10.0,10.0,12.0,12.0,10.0,14.0,11.0,12.0,12.0
12,0.0,0.0,0.0,0.0,0.0,0.0,0.0,0.0,5.0,12.0,14.0,10.0,10.0,15.0,11.0,10.0,13.0,13.0,11.0,13.0,12.0,13.0,11.0,10.0,15.0,10.0,13.0,12.0
13,0.0,0.0,0.0,0.0,0.0,0.0,0.0,0.0,8.0,11.0,14.0,10.0,8.0,13.0,14.0,10.0,13.0,11.0,10.0,12.0,11.0,12.0,9.0,10.0,10.0,11.0,12.0,10.0
14,0.0,0.0,0.0,0.0,0.0,0.0,0.0,0.0,8.0,10.0,15.0,9.0,10.0,11.0,13.0,12.0,10.0,10.0,10.0,13.0,11.0,11.0,11.0,11.0,9.0,13.0,11.0,10.0
15,0.0,0.0,0.0,0.0,0.0,0.0,0.0,0.0,7.0,10.0,15.0,8.0,11.0,11.0,13.0,9.0,8.0,8.0,11.0,14.0,10.0,13.0,13.0,12.0,10.0,16.0,10.0,9.0
16,0.0,0.0,0.0,0.0,0.0,0.0,0.0,0.0,6.0,11.0,14.0,9.0,14.0,13.0,13.0,8.0,8.0,11.0,11.0,13.0,9.0,12.0,12.0,10.0,14.0,15.0,11.0,10.0
17,0.0,0.0,0.0,0.0,0.0,0.0,0.0,0.0,7.0,13.0,13.0,12.0,16.0,13.0,13.0,9.0,11.0,11.0,12.0,15.0,9.0,16.0,14.0,11.0,12.0,14.0,12.0,12.0
18,0.0,0.0,0.0,0.0,0.0,0.0,0.0,0.0,6.0,13.0,14.0,11.0,11.0,12.0,14.0,13.0,9.0,8.0,12.0,14.0,11.0,14.0,13.0,12.0,13.0,11.0,13.0,12.0
19,0.0,0.0,0.0,0.0,0.0,0.0,0.0,0.0,8.0,14.0,14.0,14.0,10.0,13.0,12.0,15.0,11.0,10.0,13.0,11.0,13.0,14.0,10.0,11.0,11.0,10.0,13.0,13.0
20,0.0,0.0,0.0,0.0,0.0,0.0,0.0,0.0,6.0,15.0,15.0,12.0,9.0,10.0,11.0,14.0,9.0,5.0,11.0,10.0,13.0,13.0,11.0,13.0,11.0,9.0,14.0,10.0
21,0.0,0.0,0.0,0.0,0.0,0.0,0.0,0.0,8.0,12.0,14.0,12.0,11.0,10.0,12.0,12.0,10.0,8.0,11.0,10.0,11.0,10.0,11.0,14.0,10.0,11.0,12.0,7.0
22,0.0,0.0,0.0,0.0,0.0,0.0,0.0,0.0,7.0,13.0,13.0,12.0,14.0,10.0,10.0,12.0,10.0,10.0,11.0,13.0,8.0,7.0,14.0,11.0,9.0,11.0,14.0,8.0
23,0.0,0.0,0.0,0.0,0.0,0.0,0.0,0.0,6.0,12.0,12.0,11.0,13.0,9.0,12.0,9.0,9.0,12.0,12.0,12.0,7.0,9.0,13.0,12.0,11.0,14.0,12.0,12.0
24,0.0,0.0,0.0,0.0,0.0,0.0,0.0,0.0,4.0,14.0,13.0,12.0,14.0,13.0,11.0,9.0,12.0,12.0,12.0,12.0,11.0,11.0,10.0,11.0,12.0,15.0,10.0,14.0
25,0.0,0.0,0.0,0.0,0.0,0.0,0.0,0.0,5.0,14.0,15.0,14.0,13.0,13.0,12.0,12.0,11.0,14.0,10.0,9.0,15.0,14.0,10.0,11.0,15.0,15.0,12.0,14.0
26,0.0,0.0,0.0,0.0,0.0,0.0,0.0,0.0,8.0,15.0,17.0,12.0,12.0,12.0,13.0,13.0,13.0,11.0,9.0,6.0,14.0,13.0,10.0,11.0,10.0,14.0,10.0,9.0
27,0.0,0.0,0.0,0.0,0.0,0.0,0.0,0.0,7.0,13.0,16.0,11.0,10.0,13.0,13.0,13.0,13.0,15.0,7.0,9.0,11.0,11.0,12.0,9.0,10.0,11.0,13.0,7.0
28,0.0,0.0,0.0,0.0,0.0,0.0,0.0,0.0,7.0,14.0,14.0,9.0,11.0,15.0,14.0,14.0,13.0,13.0,11.0,12.0,9.0,12.0,13.0,9.0,9.0,13.0,13.0,10.0
29,0.0,0.0,0.0,0.0,0.0,0.0,0.0,0.0,4.0,11.0,8.0,8.0,10.0,15.0,13.0,13.0,9.0,11.0,13.0,13.0,12.0,10.0,13.0,7.0,11.0,9.0,12.0,14.0
30,0.0,0.0,0.0,0.0,0.0,0.0,0.0,0.0,5.0,12.0,8.0,11.0,11.0,14.0,13.0,11.0,4.0,11.0,14.0,9.0,13.0,11.0,11.0,10.0,11.0,10.0,12.0,13.0
31,0.0,0.0,0.0,0.0,0.0,0.0,0.0,0.0,7.0,16.0,11.0,13.0,12.0,12.0,14.0,10.0,8.0,10.0,16.0,8.0,12.0,10.0,13.0,11.0,12.0,11.0,12.0,13.0
32,0.0,0.0,0.0,0.0,0.0,0.0,0.0,0.0,8.0,17.0,12.0,15.0,8.0,13.0,12.0,10.0,10.0,10.0,14.0,9.0,10.0,10.0,10.0,13.0,11.0,12.0,13.0,12.0
33,0.0,0.0,0.0,0.0,0.0,0.0,0.0,0.0,6.0,16.0,16.0,14.0,11.0,12.0,10.0,12.0,13.0,12.0,13.0,11.0,12.0,10.0,9.0,12.0,12.0,12.0,11.0,10.0
34,0.0,0.0,0.0,0.0,0.0,0.0,0.0,0.0,4.0,11.0,15.0,12.0,12.0,11.0,8.0,14.0,13.0,15.0,12.0,11.0,10.0,11.0,11.0,13.0,14.0,12.0,11.0,14.0
35,0.0,0.0,0.0,0.0,0.0,0.0,0.0,0.0,5.0,11.0,16.0,12.0,16.0,13.0,9.0,12.0,11.0,10.0,10.0,14.0,11.0,14.0,11.0,10.0,14.0,13.0,12.0,15.0
36,0.0,0.0,0.0,0.0,0.0,0.0,0.0,0.0,5.0,13.0,14.0,9.0,16.0,15.0,13.0,12.0,11.0,9.0,11.0,14.0,11.0,13.0,14.0,9.0,12.0,15.0,13.0,16.0
37,0.0,0.0,0.0,0.0,0.0,0.0,0.0,0.0,8.0,15.0,14.0,13.0,13.0,16.0,15.0,8.0,11.0,10.0,11.0,12.0,14.0,15.0,12.0,11.0,11.0,13.0,12.0,14.0
38,0.0,0.0,0.0,0.0,0.0,0.0,0.0,0.0,7.0,15.0,13.0,12.0,10.0,14.0,14.0,11.0,13.0,12.0,13.0,11.0,14.0,15.0,13.0,11.0,11.0,12.0,11.0,10.0
39,0.0,0.0,0.0,0.0,0.0,0.0,0.0,0.0,5.0,12.0,11.0,13.0,12.0,12.0,14.0,12.0,12.0,16.0,11.0,10.0,7.0,13.0,9.0,13.0,9.0,10.0,9.0,11.0
40,0.0,0.0,0.0,0.0,0.0,0.0,0.0,0.0,4.0,12.0,12.0,10.0,11.0,13.0,13.0,12.0,12.0,13.0,13.0,12.0,6.0,13.0,11.0,13.0,12.0,10.0,9.0,13.0
41,0.0,0.0,0.0,0.0,0.0,0.0,0.0,0.0,5.0,13.0,13.0,12.0,14.0,13.0,10.0,13.0,10.0,13.0,13.0,13.0,7.0,13.0,12.0,13.0,10.0,11.0,12.0,17.0
42,0.0,0.0,0.0,0.0,0.0,0.0,0.0,0.0,4.0,15.0,10.0,13.0,14.0,15.0,11.0,14.0,11.0,11.0,15.0,12.0,11.0,14.0,12.0,14.0,11.0,12.0,12.0,14.0
43,0.0,0.0,0.0,0.0,0.0,0.0,0.0,0.0,8.0,11.0,9.0,13.0,11.0,12.0,10.0,13.0,12.0,13.0,16.0,10.0,15.0,13.0,15.0,10.0,12.0,13.0,10.0,13.0
44,0.0,0.0,0.0,0.0,0.0,0.0,0.0,0.0,9.0,11.0,11.0,16.0,11.0,11.0,12.0,14.0,13.0,11.0,12.0,9.0,13.0,11.0,14.0,12.0,14.0,11.0,10.0,12.0
45,0.0,0.0,0.0,0.0,0.0,0.0,0.0,0.0,8.0,12.0,13.0,13.0,11.0,12.0,14.0,11.0,11.0,10.0,11.0,11.0,10.0,14.0,13.0,13.0,13.0,10.0,15.0,15.0
46,0.0,0.0,0.0,0.0,0.0,0.0,0.0,0.0,6.0,14.0,12.0,13.0,13.0,15.0,13.0,7.0,10.0,7.0,11.0,11.0,10.0,15.0,13.0,15.0,13.0,11.0,14.0,11.0
47,0.0,0.0,0.0,0.0,0.0,0.0,0.0,0.0,5.0,13.0,14.0,13.0,13.0,15.0,11.0,8.0,11.0,10.0,12.0,13.0,10.0,11.0,11.0,14.0,13.0,12.0,12.0,10.0
48,0.0,0.0,0.0,0.0,0.0,0.0,0.0,0.0,6.0,15.0,12.0,14.0,12.0,11.0,12.0,7.0,12.0,12.0,13.0,12.0,12.0,10.0,13.0,14.0,11.0,12.0,9.0,9.0
49,0.0,0.0,0.0,0.0,0.0,0.0,0.0,0.0,5.0,15.0,13.0,15.0,10.0,10.0,11.0,11.0,13.0,15.0,10.0,9.0,11.0,9.0,13.0,13.0,11.0,11.0,10.0,10.0
50,0.0,0.0,0.0,0.0,0.0,0.0,0.0,0.0,5.0,16.0,11.0,12.0,10.0,10.0,12.0,12.0,11.0,13.0,12.0,10.0,11.0,13.0,12.0,11.0,11.0,9.0,9.0,13.0
51,0.0,0.0,0.0,0.0,0.0,0.0,0.0,0.0,5.0,13.0,10.0,12.0,14.0,13.0,11.0,12.0,9.0,8.0,12.0,12.0,11.0,11.0,11.0,12.0,12.0,10.0,10.0,12.0
52,0.0,0.0,0.0,0.0,0.0,0.0,0.0,0.0,2.0,11.0,11.0,12.0,14.0,14.0,11.0,11.0,8.0,7.0,13.0,11.0,9.0,10.0,8.0,8.0,12.0,10.0,9.0,11.0
53,0.0,0.0,0.0,0.0,0.0,0.0,0.0,0.0,5.0,12.0,10.0,13.0,16.0,13.0,13.0,10.0,6.0,6.0,10.0,10.0,11.0,12.0,7.0,8.0,12.0,9.0,9.0,9.0
54,0.0,0.0,0.0,0.0,0.0,0.0,0.0,0.0,6.0,12.0,10.0,13.0,14.0,10.0,13.0,10.0,9.0,8.0,8.0,7.0,12.0,11.0,7.0,9.0,13.0,9.0,13.0,9.0
55,0.0,0.0,0.0,0.0,0.0,0.0,0.0,0.0,7.0,16.0,12.0,11.0,11.0,11.0,11.0,12.0,9.0,11.0,8.0,9.0,12.0,9.0,9.0,11.0,12.0,11.0,12.0,9.0
56,0.0,0.0,0.0,0.0,0.0,0.0,0.0,0.0,5.0,17.0,13.0,11.0,9.0,10.0,11.0,10.0,11.0,13.0,10.0,11.0,10.0,11.0,11.0,15.0,10.0,13.0,14.0,9.0
57,0.0,0.0,0.0,0.0,0.0,0.0,0.0,0.0,4.0,14.0,12.0,8.0,8.0,9.0,12.0,13.0,15.0,12.0,11.0,12.0,8.0,8.0,10.0,16.0,7.0,13.0,11.0,10.0
58,0.0,0.0,0.0,0.0,0.0,0.0,0.0,0.0,4.0,12.0,14.0,9.0,10.0,11.0,11.0,15.0,12.0,12.0,14.0,12.0,7.0,6.0,12.0,15.0,8.0,14.0,13.0,13.0
59,0.0,1.0,0.0,0.0,0.0,0.0,0.0,0.0,6.0,10.0,13.0,12.0,14.0,10.0,12.0,16.0,12.0,12.0,14.0,12.0,12.0,8.0,12.0,12.0,11.0,12.0,9.0,15.0
60,0.0,1.0,0.0,0.0,0.0,0.0,0.0,0.0,8.0,10.0,12.0,13.0,13.0,11.0,11.0,14.0,10.0,11.0,15.0,10.0,13.0,9.0,11.0,8.0,15.0,12.0,9.0,14.0
61,0.0,1.0,0.0,0.0,0.0,0.0,0.0,0.0,6.0,14.0,11.0,11.0,10.0,14.0,11.0,11.0,11.0,12.0,11.0,11.0,11.0,12.0,12.0,9.0,14.0,9.0,9.0,14.0
62,0.0,1.0,0.0,0.0,0.0,0.0,0.0,0.0,5.0,17.0,12.0,10.0,9.0,13.0,12.0,9.0,12.0,12.0,10.0,11.0,13.0,17.0,8.0,8.0,14.0,11.0,13.0,12.0
63,0.0,1.0,0.0,0.0,0.0,0.0,0.0,0.0,4.0,15.0,13.0,10.0,7.0,13.0,10.0,8.0,14.0,13.0,10.0,11.0,12.0,17.0,9.0,12.0,12.0,12.0,11.0,11.0
64,0.0,1.0,0.0,0.0,0.0,0.0,0.0,0.0,4.0,13.0,18.0,11.0,8.0,11.0,11.0,11.0,14.0,12.0,8.0,13.0,13.0,11.0,8.0,10.0,11.0,14.0,10.0,10.0
65,0.0,1.0,0.0,0.0,0.0,0.0,0.0,0.0,3.0,12.0,15.0,14.0,10.0,10.0,13.0,12.0,11.0,10.0,8.0,13.0,13.0,10.0,10.0,10.0,8.0,13.0,9.0,9.0
66,0.0,1.0,0.0,0.0,0.0,0.0,0.0,0.0,4.0,11.0,12.0,14.0,10.0,14.0,13.0,13.0,12.0,8.0,7.0,11.0,11.0,8.0,11.0,10.0,7.0,13.0,9.0,11.0
67,0.0,1.0,0.0,0.0,0.0,0.0,0.0,0.0,5.0,14.0,9.0,11.0,12.0,12.0,13.0,10.0,9.0,9.0,9.0,12.0,10.0,9.0,11.0,10.0,9.0,12.0,11.0,11.0
68,0.0,1.0,0.0,0.0,0.0,0.0,0.0,0.0,5.0,16.0,6.0,9.0,12.0,12.0,14.0,10.0,9.0,9.0,11.0,11.0,10.0,12.0,11.0,11.0,10.0,10.0,12.0,12.0
69,0.0,1.0,0.0,0.0,0.0,0.0,0.0,0.0,4.0,14.0,6.0,10.0,10.0,13.0,9.0,10.0,11.0,8.0,12.0,9.0,11.0,12.0,10.0,12.0,12.0,11.0,13.0,12.0
70,0.0,1.0,0.0,0.0,0.0,0.0,0.0,0.0,4.0,11.0,9.0,10.0,11.0,11.0,9.0,9.0,10.0,7.0,10.0,10.0,9.0,13.0,11.0,13.0,13.0,11.0,14.0,14.0
71,0.0,1.0,0.0,0.0,0.0,0.0,0.0,0.0,4.0,9.0,13.0,12.0,10.0,10.0,10.0,12.0,13.0,9.0,11.0,11.0,9.0,11.0,11.0,11.0,12.0,13.0,15.0,14.0
72,0.0,1.0,0.0,0.0,0.0,0.0,0.0,0.0,5.0,8.0,12.0,14.0,8.0,10.0,10.0,10.0,14.0,9.0,10.0,10.0,10.0,10.0,10.0,11.0,9.0,15.0,11.0,13.0
73,0.0,1.0,0.0,0.0,0.0,0.0,0.0,0.0,6.0,11.0,13.0,13.0,10.0,8.0,16.0,7.0,12.0,10.0,7.0,11.0,14.0,11.0,11.0,11.0,9.0,13.0,9.0,9.0
74,0.0,1.0,0.0,0.0,0.0,0.0,0.0,0.0,5.0,14.0,11.0,15.0,12.0,10.0,14.0,10.0,8.0,12.0,10.0,9.0,15.0,9.0,10.0,13.0,8.0,11.0,7.0,8.0
75,0.0,1.0,0.0,0.0,0.0,0.0,0.0,0.0,5.0,16.0,10.0,16.0,16.0,13.0,11.0,12.0,8.0,13.0,10.0,9.0,14.0,9.0,11.0,11.0,8.0,11.0,7.0,7.0
76,0.0,1.0,0.0,0.0,0.0,0.0,0.0,0.0,7.0,13.0,12.0,11.0,15.0,12.0,9.0,12.0,10.0,10.0,14.0,11.0,13.0,11.0,13.0,13.0,10.0,10.0,13.0,12.0
77,0.0,1.0,0.0,2.0,1.0,1.0,1.0,0.0,5.0,11.0,12.0,13.0,12.0,10.0,5.0,10.0,14.0,10.0,14.0,12.0,11.0,10.0,14.0,13.0,13.0,8.0,12.0,14.0
78,1.0,1.0,0.0,2.0,1.0,1.0,1.0,0.0,8.0,11.0,13.0,12.0,11.0,10.0,8.0,8.0,16.0,8.0,13.0,11.0,10.0,14.0,16.0,15.0,15.0,9.0,12.0,14.0
79,3.0,2.0,0.0,2.0,1.0,1.0,2.0,0.0,6.0,11.0,11.0,12.0,10.0,12.0,13.0,10.0,15.0,10.0,11.0,9.0,11.0,12.0,13.0,13.0,15.0,12.0,11.0,15.0
80,3.0,4.0,0.0,2.0,1.0,3.0,2.0,0.0,6.0,16.0,14.0,13.0,8.0,11.0,14.0,12.0,10.0,9.0,10.0,10.0,11.0,9.0,13.0,10.0,13.0,12.0,12.0,16.0
81,3.0,5.0,1.0,2.0,0.0,1.0,2.0,1.0,5.0,15.0,13.0,12.0,10.0,14.0,16.0,13.0,8.0,9.0,10.0,7.0,11.0,10.0,10.0,9.0,10.0,9.0,12.0,11.0
82,3.0,5.0,1.0,4.0,2.0,1.0,4.0,1.0,5.0,14.0,10.0,7.0,12.0,15.0,16.0,14.0,7.0,11.0,9.0,10.0,10.0,10.0,11.0,10.0,7.0,10.0,12.0,7.0
83,3.0,5.0,2.0,5.0,3.0,3.0,5.0,3.0,7.0,15.0,10.0,7.0,12.0,12.0,15.0,9.0,7.0,9.0,11.0,14.0,8.0,9.0,12.0,12.0,8.0,9.0,11.0,6.0
84,3.0,6.0,3.0,5.0,3.0,3.0,5.0,4.0,9.0,13.0,11.0,8.0,14.0,12.0,16.0,10.0,11.0,9.0,11.0,14.0,9.0,12.0,14.0,12.0,10.0,13.0,13.0,7.0
85,5.0,6.0,3.0,5.0,3.0,3.0,7.0,4.0,4.0,14.0,12.0,8.0,13.0,11.0,13.0,9.0,11.0,11.0,11.0,13.0,10.0,10.0,14.0,12.0,12.0,13.0,10.0,11.0
86,5.0,6.0,5.0,5.0,3.0,5.0,9.0,5.0,3.0,12.0,11.0,12.0,13.0,9.0,13.0,12.0,12.0,12.0,12.0,11.0,10.0,8.0,11.0,10.0,10.0,9.0,9.0,15.0
87,8.0,7.0,6.0,6.0,2.0,6.0,9.0,6.0,3.0,12.0,11.0,14.0,11.0,10.0,13.0,15.0,9.0,12.0,11.0,9.0,11.0,12.0,8.0,10.0,10.0,10.0,12.0,12.0
88,10.0,7.0,8.0,7.0,6.0,5.0,9.0,6.0,6.0,14.0,11.0,12.0,10.0,11.0,11.0,13.0,9.0,12.0,10.0,9.0,10.0,10.0,10.0,8.0,12.0,9.0,13.0,13.0
89,11.0,8.0,11.0,9.0,7.0,8.0,7.0,9.0,9.0,15.0,9.0,10.0,10.0,14.0,10.0,11.0,11.0,11.0,10.0,12.0,10.0,13.0,9.0,10.0,8.0,7.0,16.0,11.0
90,11.0,8.0,11.0,10.0,5.0,8.0,7.0,11.0,8.0,13.0,10.0,10.0,9.0,10.0,9.0,9.0,12.0,10.0,5.0,13.0,11.0,12.0,13.0,11.0,11.0,7.0,16.0,11.0
91,11.0,9.0,13.0,11.0,7.0,10.0,7.0,6.0,4.0,14.0,7.0,10.0,12.0,10.0,8.0,8.0,14.0,11.0,7.0,12.0,10.0,11.0,16.0,11.0,10.0,8.0,15.0,10.0
92,14.0,11.0,14.0,11.0,9.0,12.0,8.0,6.0,4.0,14.0,9.0,14.0,12.0,9.0,11.0,13.0,13.0,13.0,9.0,13.0,12.0,12.0,14.0,12.0,9.0,9.0,12.0,9.0
93,13.0,11.0,13.0,13.0,11.0,15.0,10.0,7.0,3.0,13.0,10.0,16.0,13.0,8.0,11.0,15.0,12.0,14.0,11.0,10.0,10.0,10.0,14.0,12.0,13.0,13.0,12.0,12.0
94,13.0,12.0,13.0,16.0,11.0,14.0,12.0,11.0,2.0,15.0,10.0,13.0,16.0,13.0,13.0,10.0,10.0,13.0,12.0,8.0,9.0,10.0,12.0,11.0,11.0,11.0,12.0,10.0
95,13.0,13.0,13.0,16.0,9.0,12.0,12.0,11.0,7.0,14.0,11.0,9.0,15.0,11.0,13.0,9.0,9.0,15.0,11.0,9.0,10.0,12.0,8.0,9.0,11.0,12.0,12.0,9.0
96,12.0,14.0,12.0,16.0,8.0,12.0,12.0,10.0,9.0,14.0,14.0,8.0,18.0,11.0,10.0,8.0,12.0,15.0,10.0,7.0,12.0,10.0,10.0,10.0,12.0,11.0,11.0,10.0
97,13.0,14.0,12.0,16.0,7.0,11.0,10.0,7.0,8.0,13.0,14.0,9.0,11.0,12.0,13.0,9.0,15.0,13.0,9.0,9.0,9.0,11.0,10.0,12.0,14.0,14.0,12.0,12.0
98,14.0,14.0,10.0,14.0,6.0,9.0,11.0,5.0,8.0,15.0,17.0,11.0,10.0,10.0,14.0,11.0,13.0,13.0,9.0,10.0,10.0,11.0,11.0,15.0,11.0,13.0,13.0,11.0
99,14.0,15.0,12.0,15.0,4.0,9.0,12.0,6.0,6.0,10.0,15.0,11.0,10.0,13.0,15.0,10.0,10.0,10.0,11.0,10.0,12.0,9.0,12.0,13.0,9.0,13.0,13.0,13.0
100,14.0,14.0,14.0,15.0,6.0,8.0,10.0,5.0,3.0,7.0,13.0,14.0,12.0,13.0,14.0,10.0,9.0,10.0,13.0,15.0,14.0,10.0,9.0,12.0,11.0,13.0,14.0,12.0
101,15.0,15.0,14.0,13.0,7.0,6.0,10.0,5.0,3.0,6.0,12.0,13.0,15.0,12.0,11.0,10.0,7.0,12.0,11.0,13.0,14.0,12.0,13.0,10.0,12.0,10.0,12.0,8.0
102,15.0,15.0,14.0,12.0,5.0,3.0,8.0,3.0,6.0,8.0,10.0,12.0,14.0,12.0,10.0,9.0,10.0,12.0,9.0,15.0,14.0,13.0,15.0,9.0,11.0,10.0,12.0,12.0
103,15.0,15.0,14.0,12.0,5.0,1.0,6.0,4.0,7.0,11.0,11.0,12.0,11.0,7.0,11.0,8.0,11.0,11.0,8.0,12.0,13.0,13.0,12.0,13.0,11.0,10.0,9.0,11.0
104,16.0,16.0,14.0,13.0,5.0,1.0,5.0,5.0,8.0,15.0,14.0,12.0,8.0,10.0,11.0,10.0,9.0,11.0,11.0,9.0,11.0,13.0,11.0,13.0,9.0,10.0,12.0,13.0
105,15.0,15.0,15.0,12.0,4.0,1.0,5.0,5.0,6.0,15.0,16.0,12.0,8.0,12.0,13.0,13.0,10.0,9.0,12.0,9.0,12.0,12.0,10.0,16.0,8.0,8.0,11.0,13.0
106,15.0,15.0,14.0,13.0,4.0,1.0,6.0,6.0,3.0,12.0,17.0,12.0,10.0,13.0,11.0,13.0,11.0,12.0,11.0,11.0,12.0,11.0,12.0,11.0,11.0,10.0,13.0,7.0
107,14.0,15.0,13.0,13.0,3.0,0.0,6.0,6.0,3.0,10.0,14.0,11.0,10.0,12.0,11.0,13.0,13.0,11.0,12.0,10.0,12.0,11.0,12.0,6.0,11.0,11.0,13.0,10.0
108,14.0,14.0,13.0,13.0,2.0,0.0,5.0,5.0,4.0,7.0,12.0,11.0,14.0,11.0,9.0,13.0,14.0,10.0,10.0,7.0,12.0,11.0,14.0,6.0,12.0,13.0,15.0,11.0
109,14.0,13.0,13.0,13.0,3.0,0.0,5.0,4.0,7.0,11.0,11.0,12.0,15.0,9.0,11.0,13.0,13.0,8.0,9.0,5.0,11.0,11.0,12.0,8.0,12.0,14.0,15.0,12.0
110,13.0,12.0,12.0,13.0,3.0,0.0,3.0,3.0,7.0,13.0,11.0,11.0,16.0,11.0,14.0,14.0,9.0,8.0,12.0,6.0,11.0,13.0,14.0,15.0,12.0,14.0,13.0,13.0
111,13.0,12.0,12.0,13.0,4.0,0.0,3.0,3.0,2.0,14.0,12.0,12.0,14.0,10.0,15.0,14.0,9.0,9.0,11.0,10.0,13.0,11.0,12.0,11.0,14.0,13.0,9.0,9.0
112,13.0,13.0,11.0,10.0,1.0,0.0,1.0,4.0,3.0,12.0,11.0,11.0,13.0,8.0,16.0,11.0,9.0,9.0,12.0,12.0,14.0,12.0,9.0,10.0,16.0,11.0,9.0,6.0
113,10.0,12.0,10.0,10.0,1.0,0.0,0.0,4.0,3.0,10.0,10.0,11.0,12.0,13.0,11.0,10.0,4.0,11.0,12.0,14.0,14.0,10.0,10.0,9.0,16.0,12.0,7.0,8.0
114,10.0,12.0,10.0,9.0,1.0,0.0,0.0,3.0,4.0,10.0,13.0,12.0,10.0,11.0,11.0,10.0,7.0,11.0,12.0,11.0,10.0,10.0,6.0,9.0,12.0,13.0,12.0,10.0
115,9.0,11.0,10.0,9.0,1.0,0.0,0.0,3.0,8.0,11.0,9.0,10.0,10.0,13.0,11.0,8.0,9.0,10.0,13.0,8.0,8.0,10.0,9.0,10.0,11.0,11.0,14.0,11.0
116,7.0,9.0,9.0,10.0,1.0,1.0,0.0,2.0,8.0,14.0,11.0,11.0,9.0,13.0,11.0,10.0,8.0,12.0,12.0,8.0,6.0,11.0,10.0,10.0,8.0,11.0,14.0,13.0
117,6.0,9.0,9.0,10.0,1.0,1.0,0.0,3.0,7.0,14.0,14.0,12.0,11.0,10.0,14.0,11.0,8.0,14.0,14.0,4.0,6.0,10.0,9.0,11.0,8.0,11.0,8.0,13.0
118,6.0,9.0,8.0,10.0,1.0,0.0,0.0,5.0,6.0,12.0,15.0,12.0,11.0,11.0,15.0,11.0,10.0,13.0,13.0,8.0,8.0,9.0,12.0,9.0,12.0,11.0,7.0,13.0
119,6.0,9.0,8.0,11.0,1.0,0.0,0.0,5.0,5.0,13.0,17.0,16.0,9.0,12.0,12.0,14.0,9.0,13.0,9.0,12.0,13.0,10.0,9.0,11.0,12.0,10.0,6.0,13.0
120,6.0,9.0,6.0,10.0,1.0,0.0,0.0,3.0,5.0,13.0,12.0,13.0,11.0,13.0,13.0,13.0,10.0,11.0,10.0,13.0,13.0,8.0,10.0,13.0,11.0,10.0,5.0,12.0
121,5.0,9.0,7.0,11.0,1.0,0.0,0.0,3.0,5.0,14.0,10.0,13.0,10.0,13.0,12.0,13.0,10.0,9.0,7.0,15.0,13.0,11.0,11.0,13.0,10.0,10.0,10.0,12.0
122,5.0,7.0,7.0,11.0,1.0,1.0,0.0,3.0,7.0,16.0,9.0,12.0,13.0,13.0,12.0,12.0,11.0,10.0,8.0,15.0,13.0,10.0,11.0,15.0,10.0,9.0,15.0,9.0
123,3.0,7.0,7.0,11.0,2.0,1.0,0.0,1.0,4.0,13.0,11.0,11.0,14.0,12.0,14.0,10.0,11.0,12.0,14.0,13.0,9.0,10.0,15.0,11.0,11.0,10.0,13.0,9.0
124,3.0,7.0,7.0,10.0,0.0,1.0,0.0,1.0,7.0,13.0,15.0,12.0,14.0,10.0,13.0,11.0,14.0,14.0,13.0,14.0,9.0,9.0,14.0,9.0,12.0,13.0,13.0,11.0
125,3.0,7.0,7.0,9.0,0.0,1.0,0.0,2.0,5.0,12.0,16.0,15.0,10.0,12.0,12.0,13.0,12.0,17.0,13.0,13.0,9.0,11.0,14.0,9.0,12.0,14.0,13.0,13.0
126,2.0,7.0,7.0,9.0,0.0,1.0,0.0,1.0,7.0,11.0,12.0,10.0,13.0,10.0,13.0,13.0,11.0,15.0,12.0,14.0,12.0,9.0,12.0,15.0,11.0,15.0,12.0,14.0
127,1.0,7.0,7.0,6.0,0.0,1.0,0.0,1.0,8.0,12.0,11.0,10.0,12.0,13.0,14.0,12.0,10.0,14.0,8.0,14.0,13.0,11.0,12.0,14.0,11.0,12.0,13.0,10.0
128,0.0,5.0,7.0,6.0,0.0,1.0,0.0,1.0,7.0,11.0,14.0,13.0,15.0,12.0,16.0,12.0,13.0,7.0,11.0,16.0,16.0,12.0,13.0,12.0,13.0,8.0,7.0,8.0
129,0.0,5.0,6.0,7.0,0.0,1.0,0.0,1.0,5.0,13.0,14.0,15.0,14.0,14.0,14.0,14.0,13.0,8.0,10.0,13.0,15.0,12.0,13.0,8.0,14.0,8.0,9.0,10.0
130,0.0,4.0,6.0,7.0,0.0,0.0,0.0,1.0,7.0,13.0,12.0,15.0,14.0,14.0,15.0,16.0,14.0,8.0,12.0,11.0,14.0,13.0,12.0,12.0,13.0,9.0,10.0,15.0
131,0.0,4.0,6.0,7.0,0.0,0.0,0.0,1.0,6.0,15.0,11.0,15.0,11.0,14.0,13.0,14.0,10.0,13.0,12.0,11.0,12.0,11.0,11.0,12.0,13.0,12.0,13.0,14.0
132,0.0,4.0,6.0,7.0,0.0,0.0,0.0,1.0,5.0,12.0,10.0,13.0,9.0,13.0,12.0,13.0,12.0,15.0,10.0,12.0,11.0,12.0,12.0,16.0,12.0,12.0,11.0,11.0
133,0.0,4.0,6.0,6.0,0.0,0.0,0.0,1.0,4.0,13.0,13.0,13.0,10.0,12.0,11.0,10.0,14.0,15.0,11.0,13.0,9.0,11.0,13.0,14.0,13.0,13.0,13.0,11.0
134,0.0,4.0,6.0,6.0,0.0,0.0,0.0,1.0,5.0,12.0,13.0,10.0,12.0,10.0,12.0,9.0,15.0,15.0,11.0,12.0,10.0,11.0,14.0,13.0,12.0,8.0,12.0,12.0
135,0.0,4.0,6.0,6.0,0.0,0.0,0.0,1.0,5.0,14.0,16.0,11.0,11.0,12.0,12.0,7.0,12.0,13.0,9.0,13.0,11.0,9.0,14.0,12.0,10.0,8.0,11.0,13.0
136,0.0,4.0,5.0,6.0,0.0,0.0,0.0,1.0,8.0,14.0,15.0,11.0,11.0,13.0,13.0,6.0,10.0,11.0,9.0,10.0,10.0,9.0,15.0,12.0,13.0,8.0,12.0,9.0
137,0.0,5.0,4.0,6.0,0.0,0.0,0.0,1.0,7.0,14.0,10.0,12.0,12.0,10.0,13.0,10.0,7.0,11.0,10.0,8.0,13.0,8.0,15.0,12.0,13.0,9.0,12.0,9.0
138,1.0,4.0,3.0,6.0,0.0,0.0,0.0,1.0,4.0,14.0,9.0,12.0,12.0,11.0,11.0,10.0,9.0,10.0,11.0,8.0,14.0,9.0,14.0,11.0,12.0,12.0,13.0,10.0
139,1.0,4.0,3.0,6.0,0.0,0.0,0.0,1.0,5.0,14.0,8.0,13.0,11.0,10.0,14.0,11.0,10.0,11.0,12.0,8.0,11.0,7.0,14.0,9.0,11.0,12.0,12.0,11.0
140,1.0,4.0,4.0,6.0,0.0,0.0,0.0,1.0,5.0,12.0,11.0,12.0,8.0,11.0,14.0,11.0,12.0,12.0,12.0,13.0,9.0,9.0,12.0,9.0,13.0,12.0,11.0,14.0
141,1.0,4.0,2.0,5.0,0.0,0.0,0.0,1.0,9.0,12.0,13.0,11.0,9.0,12.0,12.0,11.0,14.0,14.0,13.0,16.0,6.0,11.0,11.0,11.0,10.0,14.0,10.0,14.0
142,1.0,4.0,2.0,4.0,0.0,0.0,0.0,1.0,9.0,12.0,12.0,12.0,8.0,9.0,9.0,12.0,12.0,14.0,12.0,11.0,5.0,15.0,9.0,12.0,13.0,15.0,12.0,12.0
143,1.0,4.0,2.0,4.0,0.0,0.0,0.0,0.0,7.0,11.0,12.0,10.0,10.0,11.0,9.0,10.0,9.0,10.0,10.0,9.0,9.0,15.0,13.0,13.0,13.0,12.0,12.0,14.0
144,1.0,4.0,2.0,4.0,0.0,1.0,0.0,0.0,5.0,10.0,13.0,12.0,15.0,10.0,11.0,10.0,8.0,12.0,9.0,9.0,15.0,11.0,11.0,12.0,12.0,8.0,12.0,13.0
145,1.0,4.0,2.0,4.0,0.0,0.0,0.0,0.0,6.0,12.0,13.0,10.0,17.0,10.0,15.0,11.0,8.0,9.0,9.0,11.0,18.0,11.0,12.0,12.0,12.0,7.0,11.0,14.0
146,1.0,4.0,2.0,4.0,0.0,0.0,0.0,0.0,7.0,12.0,16.0,12.0,14.0,11.0,15.0,13.0,12.0,11.0,11.0,15.0,16.0,10.0,10.0,12.0,12.0,10.0,12.0,12.0
147,1.0,4.0,2.0,4.0,0.0,0.0,0.0,0.0,7.0,12.0,12.0,12.0,12.0,14.0,13.0,12.0,11.0,11.0,13.0,15.0,13.0,13.0,10.0,14.0,10.0,13.0,10.0,9.0
148,1.0,4.0,2.0,4.0,0.0,1.0,0.0,0.0,6.0,15.0,9.0,12.0,12.0,15.0,14.0,11.0,11.0,11.0,13.0,15.0,11.0,11.0,13.0,13.0,12.0,12.0,10.0,10.0
149,1.0,3.0,2.0,4.0,0.0,1.0,0.0,0.0,6.0,15.0,11.0,15.0,11.0,13.0,11.0,9.0,11.0,12.0,13.0,14.0,8.0,9.0,11.0,13.0,13.0,11.0,9.0,10.0
150,1.0,3.0,2.0,3.0,0.0,1.0,0.0,0.0,5.0,13.0,10.0,14.0,12.0,10.0,10.0,10.0,12.0,11.0,13.0,11.0,7.0,11.0,13.0,11.0,15.0,11.0,8.0,13.0
151,1.0,3.0,2.0,3.0,0.0,1.0,0.0,0.0,5.0,14.0,13.0,14.0,14.0,8.0,10.0,10.0,9.0,11.0,9.0,9.0,10.0,11.0,11.0,10.0,14.0,12.0,8.0,12.0
152,1.0,2.0,2.0,3.0,0.0,1.0,0.0,0.0,4.0,11.0,13.0,12.0,10.0,7.0,13.0,11.0,12.0,13.0,12.0,9.0,9.0,13.0,12.0,8.0,13.0,13.0,10.0,14.0
153,1.0,2.0,2.0,3.0,0.0,1.0,0.0,0.0,4.0,9.0,13.0,9.0,11.0,9.0,11.0,10.0,13.0,12.0,10.0,9.0,10.0,13.0,10.0,8.0,12.0,15.0,10.0,9.0
154,1.0,2.0,2.0,3.0,0.0,0.0,0.0,0.0,7.0,9.0,12.0,8.0,11.0,13.0,13.0,8.0,9.0,13.0,10.0,9.0,10.0,10.0,11.0,11.0,11.0,14.0,12.0,8.0
155,1.0,2.0,2.0,3.0,1.0,0.0,0.0,0.0,5.0,9.0,13.0,9.0,8.0,15.0,13.0,9.0,11.0,11.0,12.0,9.0,7.0,10.0,11.0,10.0,9.0,14.0,15.0,9.0
156,1.0,2.0,2.0,3.0,1.0,0.0,0.0,0.0,5.0,11.0,13.0,13.0,12.0,17.0,15.0,12.0,9.0,11.0,11.0,12.0,11.0,13.0,8.0,12.0,12.0,11.0,15.0,8.0
157,1.0,2.0,1.0,3.0,1.0,0.0,0.0,0.0,5.0,15.0,12.0,13.0,14.0,13.0,16.0,11.0,8.0,11.0,13.0,14.0,10.0,10.0,10.0,8.0,13.0,10.0,16.0,14.0
158,1.0,2.0,1.0,2.0,1.0,0.0,0.0,0.0,5.0,13.0,13.0,14.0,15.0,13.0,15.0,12.0,12.0,14.0,14.0,13.0,10.0,13.0,10.0,8.0,13.0,11.0,15.0,16.0
159,1.0,2.0,1.0,2.0,0.0,0.0,0.0,0.0,8.0,13.0,14.0,13.0,14.0,11.0,14.0,12.0,11.0,13.0,16.0,12.0,14.0,12.0,14.0,9.0,10.0,14.0,12.0,14.0
160,1.0,2.0,1.0,2.0,0.0,0.0,0.0,0.0,9.0,12.0,15.0,12.0,13.0,12.0,10.0,14.0,13.0,10.0,15.0,10.0,15.0,16.0,13.0,14.0,9.0,15.0,9.0,14.0
161,1.0,2.0,1.0,2.0,0.0,0.0,0.0,0.0,8.0,13.0,15.0,11.0,11.0,12.0,13.0,14.0,14.0,9.0,14.0,10.0,16.0,14.0,13.0,14.0,13.0,13.0,9.0,10.0
162,1.0,2.0,1.0,2.0,0.0,0.0,0.0,0.0,3.0,12.0,14.0,10.0,12.0,15.0,14.0,13.0,14.0,8.0,13.0,12.0,15.0,11.0,14.0,11.0,14.0,11.0,11.0,13.0
163,1.0,2.0,1.0,2.0,0.0,0.0,0.0,0.0,6.0,14.0,13.0,13.0,13.0,17.0,16.0,11.0,15.0,13.0,15.0,12.0,8.0,12.0,11.0,8.0,15.0,11.0,12.0,10.0
164,1.0,2.0,1.0,1.0,0.0,0.0,0.0,0.0,6.0,14.0,14.0,12.0,11.0,14.0,13.0,11.0,16.0,13.0,16.0,13.0,5.0,10.0,8.0,8.0,12.0,14.0,14.0,9.0
165,1.0,2.0,1.0,1.0,0.0,0.0,0.0,0.0,7.0,15.0,13.0,12.0,13.0,12.0,11.0,15.0,12.0,13.0,17.0,13.0,6.0,11.0,11.0,12.0,10.0,16.0,13.0,13.0
166,1.0,2.0,1.0,1.0,0.0,0.0,0.0,0.0,7.0,16.0,16.0,10.0,14.0,8.0,12.0,15.0,10.0,10.0,15.0,13.0,12.0,11.0,11.0,15.0,9.0,15.0,12.0,15.0
167,0.0,2.0,1.0,1.0,0.0,0.0,0.0,0.0,5.0,12.0,14.0,11.0,15.0,10.0,13.0,14.0,8.0,10.0,12.0,11.0,14.0,14.0,14.0,11.0,12.0,12.0,11.0,15.0
168,0.0,2.0,1.0,1.0,0.0,0.0,0.0,0.0,6.0,14.0,16.0,13.0,14.0,14.0,14.0,13.0,10.0,14.0,10.0,11.0,15.0,12.0,15.0,9.0,14.0,9.0,12.0,12.0
169,0.0,2.0,1.0,1.0,0.0,0.0,0.0,0.0,7.0,15.0,14.0,16.0,14.0,14.0,15.0,14.0,10.0,16.0,12.0,11.0,14.0,11.0,15.0,7.0,12.0,10.0,12.0,10.0
170,0.0,2.0,1.0,1.0,0.0,0.0,0.0,0.0,7.0,15.0,12.0,15.0,14.0,14.0,15.0,14.0,10.0,14.0,12.0,11.0,11.0,10.0,14.0,10.0,10.0,10.0,10.0,11.0
171,0.0,2.0,1.0,1.0,0.0,0.0,0.0,0.0,8.0,13.0,13.0,14.0,14.0,11.0,15.0,10.0,12.0,10.0,13.0,13.0,11.0,11.0,13.0,12.0,8.0,10.0,11.0,11.0
172,0.0,2.0,1.0,1.0,0.0,0.0,0.0,0.0,8.0,9.0,11.0,12.0,12.0,9.0,14.0,10.0,14.0,11.0,12.0,14.0,10.0,14.0,12.0,13.0,11.0,11.0,11.0,11.0
173,0.0,2.0,1.0,1.0,0.0,0.0,0.0,0.0,7.0,11.0,12.0,12.0,12.0,11.0,13.0,12.0,12.0,10.0,12.0,13.0,11.0,13.0,14.0,12.0,14.0,10.0,14.0,10.0
174,0.0,2.0,1.0,1.0,0.0,0.0,0.0,0.0,7.0,12.0,13.0,12.0,7.0,13.0,13.0,14.0,10.0,14.0,11.0,11.0,10.0,12.0,14.0,12.0,13.0,11.0,11.0,11.0
175,0.0,2.0,1.0,1.0,0.0,0.0,0.0,0.0,6.0,11.0,15.0,14.0,8.0,17.0,14.0,13.0,10.0,14.0,11.0,10.0,10.0,8.0,13.0,12.0,13.0,12.0,11.0,13.0
176,0.0,2.0,1.0,1.0,0.0,0.0,0.0,0.0,8.0,13.0,13.0,13.0,10.0,15.0,13.0,13.0,11.0,15.0,12.0,12.0,11.0,5.0,10.0,11.0,12.0,12.0,8.0,14.0
177,0.0,2.0,1.0,1.0,0.0,0.0,0.0,0.0,6.0,13.0,12.0,13.0,13.0,14.0,14.0,13.0,13.0,13.0,13.0,12.0,10.0,8.0,5.0,11.0,12.0,13.0,8.0,14.0
178,0.0,2.0,1.0,1.0,0.0,0.0,0.0,0.0,6.0,12.0,10.0,11.0,15.0,13.0,12.0,11.0,14.0,11.0,12.0,15.0,12.0,10.0,8.0,10.0,12.0,9.0,12.0,13.0
179,0.0,2.0,1.0,1.0,0.0,0.0,0.0,0.0,6.0,14.0,11.0,10.0,15.0,10.0,10.0,12.0,9.0,10.0,14.0,12.0,14.0,11.0,10.0,10.0,12.0,10.0,14.0,6.0
180,0.0,2.0,1.0,1.0,0.0,0.0,0.0,0.0,6.0,13.0,13.0,8.0,14.0,11.0,13.0,13.0,11.0,11.0,14.0,13.0,12.0,14.0,14.0,11.0,12.0,8.0,14.0,8.0
181,0.0,2.0,1.0,1.0,0.0,0.0,0.0,0.0,7.0,12.0,12.0,11.0,14.0,13.0,12.0,12.0,9.0,11.0,14.0,12.0,10.0,12.0,16.0,14.0,9.0,9.0,13.0,9.0
182,0.0,2.0,1.0,1.0,0.0,0.0,0.0,0.0,7.0,13.0,13.0,11.0,10.0,14.0,11.0,15.0,10.0,13.0,17.0,11.0,10.0,12.0,15.0,12.0,9.0,10.0,9.0,9.0
183,0.0,2.0,1.0,1.0,0.0,0.0,0.0,0.0,5.0,13.0,12.0,13.0,9.0,13.0,9.0,11.0,12.0,12.0,15.0,12.0,9.0,11.0,11.0,11.0,6.0,9.0,8.0,15.0
184,0.0,2.0,1.0,1.0,0.0,0.0,0.0,0.0,6.0,12.0,12.0,14.0,9.0,12.0,10.0,8.0,12.0,12.0,14.0,12.0,12.0,11.0,7.0,13.0,8.0,11.0,8.0,13.0
185,0.0,2.0,1.0,1.0,0.0,0.0,0.0,0.0,4.0,12.0,13.0,14.0,9.0,10.0,11.0,8.0,15.0,13.0,11.0,11.0,13.0,15.0,7.0,13.0,12.0,13.0,11.0,11.0
186,0.0,2.0,1.0,1.0,0.0,0.0,0.0,0.0,4.0,15.0,13.0,15.0,13.0,9.0,17.0,7.0,14.0,11.0,10.0,12.0,14.0,13.0,10.0,15.0,13.0,11.0,12.0,11.0
187,0.0,2.0,1.0,1.0,0.0,0.0,0.0,0.0,5.0,16.0,14.0,14.0,13.0,11.0,16.0,10.0,14.0,13.0,9.0,13.0,14.0,13.0,14.0,15.0,13.0,13.0,13.0,10.0
188,0.0,2.0,1.0,1.0,0.0,0.0,0.0,0.0,7.0,16.0,17.0,15.0,15.0,12.0,11.0,12.0,10.0,10.0,9.0,12.0,13.0,13.0,12.0,14.0,13.0,12.0,14.0,13.0
189,0.0,2.0,1.0,1.0,0.0,0.0,0.0,0.0,8.0,13.0,18.0,14.0,13.0,15.0,9.0,13.0,11.0,8.0,15.0,13.0,10.0,13.0,11.0,8.0,12.0,14.0,11.0,12.0
190,0.0,2.0,1.0,1.0,0.0,0.0,0.0,0.0,8.0,13.0,15.0,13.0,13.0,14.0,12.0,10.0,9.0,9.0,14.0,11.0,10.0,11.0,7.0,5.0,12.0,15.0,10.0,13.0
191,0.0,2.0,1.0,1.0,0.0,0.0,0.0,0.0,6.0,12.0,13.0,10.0,14.0,15.0,12.0,9.0,11.0,11.0,12.0,11.0,11.0,11.0,10.0,6.0,12.0,12.0,12.0,12.0
192,0.0,2.0,1.0,1.0,0.0,0.0,0.0,0.0,3.0,16.0,14.0,11.0,16.0,13.0,11.0,8.0,9.0,15.0,10.0,11.0,13.0,9.0,9.0,8.0,14.0,11.0,13.0,12.0
193,0.0,2.0,1.0,1.0,0.0,0.0,0.0,0.0,1.0,14.0,10.0,11.0,17.0,14.0,10.0,7.0,10.0,14.0,8.0,12.0,14.0,10.0,11.0,14.0,12.0,10.0,13.0,11.0
194,0.0,2.0,1.0,1.0,0.0,0.0,0.0,0.0,5.0,17.0,14.0,12.0,14.0,10.0,9.0,12.0,9.0,11.0,10.0,11.0,12.0,9.0,12.0,12.0,10.0,14.0,12.0,11.0
195,0.0,2.0,1.0,1.0,0.0,0.0,0.0,0.0,8.0,15.0,12.0,13.0,10.0,11.0,13.0,14.0,10.0,12.0,15.0,12.0,9.0,11.0,12.0,12.0,9.0,15.0,10.0,12.0
196,0.0,2.0,1.0,1.0,0.0,0.0,0.0,0.0,10.0,15.0,14.0,11.0,9.0,11.0,11.0,16.0,9.0,11.0,14.0,15.0,9.0,16.0,12.0,12.0,8.0,15.0,10.0,12.0
197,0.0,2.0,1.0,1.0,0.0,0.0,0.0,0.0,7.0,12.0,15.0,13.0,12.0,15.0,15.0,13.0,10.0,12.0,12.0,16.0,11.0,13.0,13.0,14.0,13.0,12.0,11.0,11.0
198,0.0,2.0,1.0,1.0,0.0,0.0,0.0,0.0,6.0,13.0,18.0,11.0,14.0,13.0,15.0,11.0,13.0,12.0,10.0,15.0,17.0,14.0,14.0,13.0,13.0,11.0,12.0,11.0
199,0.0,2.0,1.0,1.0,0.0,0.0,0.0,0.0,3.0,14.0,15.0,12.0,16.0,14.0,17.0,7.0,13.0,11.0,10.0,10.0,15.0,13.0,12.0,10.0,11.0,12.0,9.0,9.0
200,0.0,2.0,1.0,1.0,0.0,0.0,0.0,0.0,6.0,15.0,11.0,11.0,15.0,15.0,15.0,8.0,12.0,11.0,12.0,10.0,12.0,15.0,11.0,12.0,13.0,12.0,12.0,11.0
201,0.0,2.0,1.0,1.0,0.0,0.0,0.0,0.0,6.0,13.0,11.0,15.0,13.0,15.0,12.0,11.0,10.0,9.0,15.0,10.0,12.0,13.0,12.0,13.0,13.0,11.0,12.0,11.0
202,0.0,2.0,1.0,1.0,0.0,0.0,0.0,0.0,7.0,11.0,13.0,15.0,10.0,14.0,11.0,10.0,13.0,11.0,12.0,12.0,13.0,12.0,13.0,11.0,15.0,11.0,14.0,12.0
203,0.0,2.0,1.0,1.0,0.0,0.0,0.0,0.0,6.0,10.0,13.0,15.0,9.0,14.0,10.0,12.0,13.0,11.0,10.0,14.0,14.0,11.0,15.0,11.0,12.0,12.0,11.0,12.0
204,0.0,2.0,1.0,1.0,0.0,1.0,0.0,0.0,5.0,9.0,11.0,13.0,11.0,12.0,14.0,11.0,10.0,15.0,9.0,14.0,13.0,11.0,15.0,11.0,11.0,10.0,13.0,12.0
205,0.0,2.0,1.0,1.0,0.0,1.0,0.0,0.0,6.0,8.0,9.0,11.0,12.0,12.0,12.0,9.0,10.0,13.0,8.0,13.0,12.0,11.0,13.0,9.0,9.0,11.0,11.0,10.0
206,0.0,2.0,1.0,1.0,0.0,1.0,0.0,0.0,4.0,8.0,11.0,10.0,15.0,11.0,13.0,9.0,11.0,8.0,11.0,8.0,8.0,13.0,12.0,11.0,10.0,10.0,10.0,10.0
207,0.0,2.0,1.0,1.0,0.0,1.0,0.0,0.0,6.0,9.0,13.0,13.0,11.0,12.0,11.0,9.0,11.0,8.0,11.0,6.0,10.0,9.0,12.0,9.0,10.0,8.0,13.0,14.0
208,0.0,2.0,1.0,1.0,0.0,1.0,0.0,0.0,8.0,11.0,13.0,12.0,10.0,14.0,12.0,10.0,15.0,8.0,7.0,3.0,9.0,10.0,13.0,7.0,9.0,8.0,9.0,13.0
209,0.0,2.0,1.0,1.0,0.0,1.0,0.0,0.0,7.0,11.0,11.0,11.0,8.0,15.0,11.0,13.0,14.0,8.0,8.0,3.0,9.0,11.0,13.0,9.0,9.0,6.0,8.0,10.0
210,0.0,2.0,1.0,1.0,0.0,1.0,0.0,0.0,6.0,12.0,11.0,10.0,9.0,15.0,8.0,15.0,14.0,10.0,8.0,7.0,10.0,10.0,12.0,8.0,8.0,4.0,11.0,10.0
211,0.0,2.0,1.0,1.0,0.0,1.0,0.0,0.0,7.0,13.0,13.0,9.0,13.0,14.0,11.0,13.0,13.0,13.0,10.0,11.0,9.0,13.0,12.0,9.0,10.0,8.0,9.0,8.0
212,0.0,2.0,2.0,1.0,0.0,1.0,0.0,0.0,8.0,12.0,13.0,10.0,12.0,12.0,12.0,11.0,13.0,12.0,12.0,15.0,11.0,12.0,12.0,13.0,9.0,12.0,10.0,9.0
213,0.0,2.0,2.0,1.0,0.0,0.0,0.0,0.0,6.0,13.0,16.0,13.0,12.0,11.0,14.0,9.0,10.0,13.0,14.0,10.0,10.0,11.0,13.0,14.0,11.0,13.0,12.0,11.0
214,0.0,2.0,2.0,1.0,0.0,0.0,0.0,0.0,7.0,13.0,13.0,17.0,11.0,11.0,14.0,9.0,11.0,13.0,11.0,10.0,12.0,13.0,14.0,16.0,12.0,13.0,12.0,12.0
215,0.0,2.0,2.0,1.0,0.0,0.0,0.0,0.0,7.0,14.0,9.0,17.0,10.0,10.0,13.0,11.0,12.0,11.0,9.0,11.0,14.0,13.0,13.0,10.0,12.0,11.0,13.0,14.0
216,1.0,2.0,2.0,1.0,0.0,0.0,0.0,0.0,7.0,11.0,8.0,10.0,12.0,12.0,10.0,12.0,12.0,12.0,8.0,13.0,14.0,13.0,15.0,9.0,12.0,11.0,15.0,15.0
217,1.0,2.0,2.0,1.0,0.0,0.0,0.0,0.0,4.0,15.0,10.0,7.0,12.0,13.0,10.0,11.0,12.0,13.0,10.0,14.0,11.0,9.0,13.0,7.0,11.0,10.0,14.0,14.0
218,1.0,2.0,2.0,1.0,0.0,0.0,0.0,0.0,4.0,15.0,15.0,9.0,12.0,13.0,9.0,8.0,13.0,15.0,13.0,12.0,10.0,11.0,14.0,12.0,12.0,12.0,11.0,12.0
219,1.0,2.0,2.0,1.0,0.0,0.0,0.0,0.0,6.0,14.0,13.0,13.0,13.0,13.0,13.0,9.0,13.0,14.0,15.0,13.0,12.0,9.0,12.0,12.0,13.0,12.0,8.0,11.0
220,1.0,2.0,2.0,1.0,0.0,0.0,0.0,0.0,8.0,12.0,10.0,12.0,12.0,11.0,11.0,12.0,9.0,13.0,15.0,11.0,13.0,12.0,12.0,13.0,11.0,14.0,10.0,10.0
221,1.0,2.0,2.0,1.0,0.0,0.0,1.0,0.0,9.0,10.0,9.0,12.0,11.0,12.0,11.0,12.0,9.0,13.0,13.0,14.0,14.0,13.0,12.0,14.0,11.0,14.0,12.0,11.0
222,1.0,2.0,2.0,1.0,1.0,0.0,0.0,0.0,7.0,11.0,10.0,10.0,11.0,14.0,11.0,14.0,10.0,14.0,11.0,14.0,14.0,16.0,12.0,13.0,11.0,13.0,15.0,12.0
223,1.0,2.0,2.0,1.0,1.0,0.0,0.0,0.0,7.0,11.0,13.0,12.0,11.0,14.0,12.0,10.0,14.0,14.0,12.0,12.0,15.0,15.0,12.0,11.0,14.0,12.0,13.0,13.0
224,1.0,2.0,2.0,1.0,1.0,0.0,0.0,0.0,5.0,12.0,14.0,15.0,14.0,14.0,14.0,10.0,15.0,13.0,9.0,13.0,14.0,10.0,13.0,11.0,14.0,12.0,15.0,14.0
225,1.0,2.0,2.0,1.0,1.0,0.0,0.0,0.0,6.0,13.0,14.0,14.0,17.0,14.0,11.0,9.0,9.0,11.0,14.0,9.0,11.0,10.0,12.0,12.0,15.0,11.0,14.0,12.0
226,0.0,2.0,2.0,1.0,1.0,0.0,0.0,0.0,8.0,10.0,12.0,15.0,17.0,15.0,12.0,10.0,8.0,12.0,11.0,11.0,9.0,8.0,13.0,12.0,13.0,12.0,12.0,12.0
227,0.0,2.0,2.0,1.0,1.0,0.0,0.0,0.0,8.0,12.0,11.0,13.0,16.0,15.0,12.0,12.0,7.0,14.0,13.0,9.0,7.0,13.0,10.0,11.0,11.0,12.0,12.0,11.0
228,0.0,2.0,2.0,1.0,1.0,0.0,0.0,0.0,7.0,12.0,13.0,14.0,14.0,14.0,14.0,10.0,11.0,12.0,13.0,10.0,10.0,13.0,10.0,6.0,9.0,10.0,10.0,14.0
229,0.0,2.0,2.0,1.0,1.0,0.0,0.0,0.0,3.0,15.0,13.0,15.0,10.0,13.0,14.0,12.0,12.0,13.0,15.0,11.0,13.0,14.0,10.0,8.0,10.0,7.0,10.0,15.0
230,0.0,2.0,2.0,1.0,1.0,0.0,0.0,0.0,2.0,15.0,13.0,11.0,12.0,14.0,15.0,13.0,16.0,13.0,14.0,12.0,15.0,10.0,12.0,10.0,11.0,8.0,11.0,16.0
231,0.0,2.0,2.0,0.0,0.0,0.0,0.0,0.0,5.0,14.0,15.0,12.0,10.0,13.0,15.0,15.0,15.0,12.0,13.0,14.0,13.0,10.0,12.0,16.0,11.0,11.0,13.0,11.0
232,0.0,2.0,2.0,0.0,0.0,0.0,0.0,0.0,7.0,12.0,14.0,11.0,13.0,15.0,16.0,15.0,12.0,11.0,11.0,12.0,11.0,9.0,14.0,17.0,11.0,14.0,15.0,9.0
233,0.0,2.0,2.0,0.0,0.0,0.0,0.0,0.0,8.0,10.0,15.0,14.0,13.0,15.0,14.0,14.0,9.0,12.0,10.0,8.0,11.0,11.0,15.0,17.0,11.0,15.0,13.0,11.0
234,0.0,2.0,2.0,0.0,0.0,0.0,0.0,0.0,8.0,10.0,14.0,14.0,13.0,13.0,13.0,13.0,9.0,12.0,10.0,8.0,13.0,11.0,16.0,14.0,9.0,13.0,11.0,15.0
235,0.0,2.0,2.0,0.0,0.0,0.0,0.0,0.0,5.0,13.0,12.0,13.0,13.0,10.0,13.0,12.0,13.0,12.0,13.0,8.0,10.0,10.0,14.0,12.0,12.0,13.0,12.0,16.0
236,0.0,2.0,2.0,0.0,0.0,0.0,0.0,0.0,5.0,13.0,12.0,11.0,12.0,12.0,14.0,14.0,13.0,12.0,14.0,13.0,10.0,12.0,12.0,9.0,11.0,10.0,11.0,12.0
237,0.0,2.0,2.0,0.0,0.0,0.0,0.0,0.0,3.0,16.0,12.0,13.0,13.0,9.0,15.0,14.0,12.0,11.0,14.0,11.0,8.0,12.0,12.0,10.0,12.0,11.0,15.0,12.0
238,0.0,2.0,2.0,0.0,0.0,0.0,0.0,0.0,6.0,16.0,16.0,11.0,12.0,13.0,15.0,13.0,10.0,12.0,14.0,11.0,12.0,15.0,12.0,12.0,12.0,10.0,13.0,12.0
