,infect_symptomatic,infect_asymptomatic,trans_counts_to_pat,trans_counts_to_hcw
0,0,,0,0
1,1,,0,1
2,,0,0,0
3,,0,0,0
4,,1,0,1
5,0,,0,0
6,,0,0,0
7,0,,0,0
8,0,,0,0
9,1,,0,1
10,0,,0,0
11,0,,0,0
12,3,,0,3
13,0,,0,0
14,2,,0,2
15,,0,0,0
16,0,,0,0
17,1,,0,1
18,2,,0,2
19,2,,0,2
20,,2,0,2
21,0,,0,0
22,0,,0,0
23,2,,0,2
24,0,,0,0
25,1,,0,1
26,4,,0,4
27,0,,0,0
28,0,,0,0
29,0,,0,0
30,0,,0,0
31,,0,0,0
32,1,,0,1
33,,0,0,0
34,,0,0,0
35,0,,0,0
36,0,,0,0
37,5,,0,5
38,1,,0,1
39,4,,0,4
40,1,,0,1
41,2,,0,2
42,0,,0,0
43,3,,0,3
44,1,,0,1
45,0,,0,0
46,0,,0,0
47,,0,0,0
48,0,,0,0
49,,2,0,2
50,0,,0,0
51,,0,0,0
52,3,,0,3
53,1,,0,1
54,0,,0,0
55,1,,0,1
56,1,,0,1
57,0,,0,0
58,0,,0,0
59,2,,0,2
60,0,,0,0
61,,1,0,1
62,3,,0,3
63,3,,0,3
64,3,,0,3
65,5,,0,5
66,0,,0,0
67,2,,0,2
68,0,,0,0
69,3,,0,3
70,0,,0,0
71,0,,0,0
72,,0,0,0
73,0,,0,0
74,0,,0,0
75,0,,0,0
76,2,,0,2
77,2,,0,2
78,0,,0,0
79,0,,0,0
80,6,,0,6
81,0,,0,0
82,,0,0,0
83,0,,0,0
84,0,,0,0
85,,0,0,0
86,0,,0,0
87,1,,0,1
88,3,,0,3
89,0,,0,0
90,0,,0,0
91,0,,0,0
92,0,,0,0
93,0,,0,0
94,0,,0,0
95,6,,0,6
96,0,,0,0
97,0,,0,0
98,,1,0,1
99,0,,0,0
100,0,,0,0
101,0,,0,0
102,1,,0,1
103,0,,0,0
104,0,,0,0
105,0,,0,0
106,0,,0,0
107,2,,0,2
108,3,,0,3
109,0,,0,0
110,0,,0,0
111,0,,0,0
112,,1,0,1
113,0,,0,0
114,0,,0,0
115,0,,0,0
116,0,,0,0
117,0,,0,0
118,0,,0,0
119,0,,0,0
120,2,,0,2
121,0,,0,0
122,0,,0,0
123,0,,0,0
124,0,,0,0
125,0,,0,0
126,0,,0,0
127,0,,0,0
128,0,,0,0
129,0,,0,0
130,4,,0,4
131,0,,0,0
132,0,,0,0
133,0,,0,0
134,1,,0,1
135,2,,0,2
136,3,,0,3
137,0,,0,0
138,0,,0,0
139,0,,0,0
140,0,,0,0
141,0,,0,0
142,0,,0,0
143,,0,0,0
144,0,,0,0
145,1,,0,1
146,0,,0,0
147,2,,0,2
148,2,,0,2
149,0,,0,0
150,2,,0,2
151,,0,0,0
152,0,,0,0
153,0,,0,0
154,0,,0,0
155,0,,0,0
156,0,,0,0
157,0,,0,0
158,0,,0,0
159,0,,0,0
160,,0,0,0
161,2,,0,2
162,1,,0,1
163,0,,0,0
164,0,,0,0
165,0,,0,0
166,0,,0,0
167,0,,0,0
168,0,,0,0
169,0,,0,0
170,0,,0,0
171,0,,0,0
172,0,,0,0
173,2,,0,2
174,0,,0,0
175,0,,0,0
176,0,,0,0
177,0,,0,0
178,1,,0,1
179,0,,0,0
180,0,,0,0
181,,0,0,0
182,,1,0,1
183,0,,0,0
184,0,,0,0
185,0,,0,0
186,0,,0,0
187,0,,0,0
188,0,,0,0
189,0,,0,0
190,0,,0,0
191,0,,0,0
192,1,,0,1
193,0,,0,0
194,0,,0,0
195,0,,0,0
196,,0,0,0
197,0,,0,0
198,0,,0,0
199,0,,0,0
200,,0,0,0
201,,0,0,0
202,0,,0,0
203,0,,0,0
204,0,,0,0
205,0,,0,0
206,0,,0,0
207,0,,0,0
208,0,,0,0
209,0,,0,0
210,0,,0,0
211,1,,0,1
212,0,,0,0
213,0,,0,0
214,0,,0,0
215,,2,0,2
216,1,,0,1
217,0,,0,0
218,0,,0,0
219,0,,0,0
220,0,,0,0
221,0,,0,0
222,0,,0,0
223,0,,0,0
224,0,,0,0
225,3,,0,3
226,0,,0,0
227,0,,0,0
228,0,,0,0
229,0,,0,0
230,0,,0,0
231,0,,0,0
232,0,,0,0
233,0,,0,0
234,0,,0,0
235,0,,0,0
236,,0,0,0
237,0,,0,0
238,0,,0,0
239,0,,0,0
240,1,,0,1
241,4,,0,4
242,0,,0,0
243,0,,0,0
244,0,,0,0
245,0,,0,0
246,0,,0,0
247,0,,0,0
248,0,,0,0
249,0,,0,0
250,2,,0,2
251,,0,0,0
252,0,,0,0
253,0,,0,0
254,4,,0,4
255,,0,0,0
256,0,,0,0
257,0,,0,0
258,0,,0,0
259,0,,0,0
260,0,,0,0
261,,0,0,0
262,0,,0,0
263,,1,0,1
264,3,,0,3
265,0,,0,0
266,0,,0,0
267,0,,0,0
268,0,,0,0
269,0,,0,0
270,0,,0,0
271,,0,0,0
272,0,,0,0
273,0,,0,0
274,0,,0,0
275,1,,0,1
276,0,,0,0
277,0,,0,0
278,0,,0,0
279,0,,0,0
280,0,,0,0
281,0,,0,0
282,0,,0,0
283,0,,0,0
284,0,,0,0
285,0,,0,0
286,0,,0,0
287,0,,0,0
288,1,,0,1
289,2,,0,2
290,0,,0,0
291,1,,0,1
292,0,,0,0
293,1,,0,1
294,0,,0,0
295,3,,0,3
296,0,,0,0
297,1,,0,1
298,0,,0,0
299,0,,0,0
300,0,,0,0
301,0,,0,0
302,0,,0,0
303,0,,0,0
304,0,,0,0
305,3,,0,3
306,0,,0,0
307,,0,0,0
308,2,,0,2
309,0,,0,0
310,0,,0,0
311,,0,0,0
312,0,,0,0
313,0,,0,0
314,0,,0,0
315,0,,0,0
316,1,,0,1
317,2,,0,2
318,0,,0,0
319,0,,0,0
320,0,,0,0
321,2,,0,2
322,0,,0,0
323,0,,0,0
324,0,,0,0
325,1,,0,1
326,0,,0,0
327,0,,0,0
328,0,,0,0
329,0,,0,0
330,2,,0,2
331,1,,0,1
332,0,,0,0
333,1,,0,1
334,,2,0,2
335,0,,0,0
336,,0,0,0
337,1,,0,1
338,2,,0,2
339,1,,0,1
340,,0,0,0
341,5,,0,5
342,3,,0,3
343,0,,0,0
344,0,,0,0
345,,1,0,1
346,1,,0,1
347,0,,0,0
348,0,,0,0
349,0,,0,0
350,0,,0,0
351,3,,0,3
352,0,,0,0
353,0,,0,0
354,,1,0,1
355,0,,0,0
356,0,,0,0
357,1,,0,1
358,0,,0,0
