,infect_symptomatic,infect_asymptomatic,trans_counts_to_pat,trans_counts_to_hcw
0,0,,0,0
1,,1,0,1
2,0,,0,0
3,0,,0,0
4,1,,0,1
5,1,,0,1
6,0,,0,0
7,0,,0,0
8,0,,0,0
9,1,,0,1
10,0,,0,0
11,0,,0,0
12,1,,0,1
13,1,,0,1
14,,1,0,1
15,,0,0,0
16,,0,0,0
17,1,,0,1
18,0,,0,0
19,0,,0,0
20,,0,0,0
21,0,,0,0
22,2,,0,2
23,1,,0,1
24,0,,0,0
25,0,,0,0
26,2,,0,2
27,0,,0,0
28,0,,0,0
29,2,,0,2
30,0,,0,0
31,0,,0,0
32,1,,0,1
33,0,,0,0
34,0,,0,0
35,0,,0,0
36,1,,0,1
37,0,,0,0
38,0,,0,0
39,0,,0,0
40,0,,0,0
41,1,,0,1
42,0,,0,0
43,,2,0,2
44,0,,0,0
45,,0,0,0
46,0,,0,0
47,1,,0,1
48,0,,0,0
49,1,,0,1
50,0,,0,0
51,0,,0,0
52,0,,0,0
53,0,,0,0
54,1,,0,1
55,0,,0,0
56,,0,0,0
57,,1,0,1
58,2,,0,2
59,,0,0,0
60,0,,0,0
61,0,,0,0
62,0,,0,0
63,0,,0,0
64,,0,0,0
65,0,,0,0
66,0,,0,0
67,0,,0,0
68,0,,0,0
69,,0,0,0
70,0,,0,0
71,2,,0,2
72,0,,0,0
73,0,,0,0
74,1,,0,1
75,0,,0,0
76,0,,0,0
77,0,,0,0
78,0,,0,0
79,0,,0,0
80,0,,0,0
81,2,,0,2
82,0,,0,0
83,0,,0,0
84,0,,0,0
85,0,,0,0
86,0,,0,0
87,1,,0,1
88,2,,0,2
89,0,,0,0
90,0,,0,0
91,0,,0,0
92,0,,0,0
93,0,,0,0
94,0,,0,0
95,,0,0,0
96,3,,0,3
97,0,,0,0
98,0,,0,0
99,0,,0,0
100,0,,0,0
101,1,,0,1
102,0,,0,0
103,3,,0,3
104,0,,0,0
105,0,,0,0
106,0,,0,0
107,0,,0,0
108,,0,0,0
109,0,,0,0
110,,0,0,0
111,0,,0,0
112,0,,0,0
113,1,,0,1
114,0,,0,0
115,0,,0,0
116,0,,0,0
117,0,,0,0
118,0,,0,0
119,0,,0,0
120,0,,0,0
121,0,,0,0
122,0,,0,0
123,0,,0,0
124,4,,0,4
125,0,,0,0
126,0,,0,0
127,0,,0,0
128,0,,0,0
129,0,,0,0
130,0,,0,0
131,0,,0,0
132,,0,0,0
133,0,,0,0
134,0,,0,0
135,0,,0,0
136,0,,0,0
137,0,,0,0
138,0,,0,0
139,0,,0,0
140,0,,0,0
141,0,,0,0
142,,1,0,1
143,0,,0,0
144,1,,0,1
145,,0,0,0
146,,0,0,0
147,0,,0,0
148,0,,0,0
149,,0,0,0
150,1,,0,1
151,0,,0,0
152,1,,0,1
153,0,,0,0
154,,0,0,0
155,1,,0,1
156,1,,0,1
157,,0,0,0
158,2,,0,2
159,0,,0,0
160,0,,0,0
161,0,,0,0
162,2,,0,2
163,,0,0,0
164,0,,0,0
165,0,,0,0
166,0,,0,0
167,2,,0,2
168,0,,0,0
169,0,,0,0
170,,0,0,0
171,0,,0,0
172,0,,0,0
173,0,,0,0
174,0,,0,0
175,0,,0,0
176,0,,0,0
177,0,,0,0
178,0,,0,0
179,0,,0,0
180,3,,0,3
181,3,,0,3
182,1,,0,1
183,,0,0,0
184,0,,0,0
185,0,,0,0
186,1,,0,1
187,,2,0,2
188,0,,0,0
189,0,,0,0
190,0,,0,0
191,0,,0,0
192,0,,0,0
193,1,,0,1
194,0,,0,0
195,1,,0,1
196,2,,0,2
197,4,,0,4
198,0,,0,0
199,0,,0,0
200,0,,0,0
201,0,,0,0
202,0,,0,0
203,0,,0,0
204,0,,0,0
205,3,,0,3
206,0,,0,0
207,0,,0,0
208,0,,0,0
209,0,,0,0
210,,0,0,0
211,0,,0,0
212,0,,0,0
213,1,,0,1
214,1,,0,1
215,,1,0,1
216,0,,0,0
217,0,,0,0
218,,1,0,1
219,0,,0,0
220,0,,0,0
221,0,,0,0
222,0,,0,0
223,0,,0,0
224,1,,0,1
225,0,,0,0
226,3,,0,3
227,0,,0,0
228,,0,0,0
229,,1,0,1
230,0,,0,0
231,1,,0,1
232,0,,0,0
233,1,,0,1
234,,1,0,1
235,0,,0,0
236,0,,0,0
237,0,,0,0
238,0,,0,0
239,0,,0,0
240,0,,0,0
241,,0,0,0
242,3,,0,3
243,0,,0,0
244,0,,0,0
245,0,,0,0
246,0,,0,0
247,2,,0,2
248,0,,0,0
249,0,,0,0
250,0,,0,0
251,0,,0,0
252,0,,0,0
253,0,,0,0
254,0,,0,0
255,1,,0,1
256,,0,0,0
257,0,,0,0
258,0,,0,0
259,0,,0,0
260,0,,0,0
261,,0,0,0
262,1,,0,1
263,0,,0,0
264,0,,0,0
265,0,,0,0
266,0,,0,0
267,0,,0,0
268,3,,0,3
269,0,,0,0
270,0,,0,0
271,0,,0,0
272,0,,0,0
273,0,,0,0
274,0,,0,0
275,0,,0,0
276,0,,0,0
277,0,,0,0
278,0,,0,0
279,0,,0,0
280,0,,0,0
281,2,,0,2
282,0,,0,0
283,0,,0,0
284,0,,0,0
285,0,,0,0
286,0,,0,0
287,1,,0,1
288,0,,0,0
289,0,,0,0
290,0,,0,0
291,0,,0,0
292,0,,0,0
293,0,,0,0
294,1,,0,1
295,1,,0,1
296,,0,0,0
297,2,,0,2
298,1,,0,1
299,,0,0,0
300,0,,0,0
301,,0,0,0
302,1,,0,1
303,,0,0,0
304,0,,0,0
305,0,,0,0
306,,0,0,0
307,4,,0,4
308,3,,0,3
309,0,,0,0
310,0,,0,0
311,0,,0,0
312,0,,0,0
313,1,,0,1
314,0,,0,0
315,1,,0,1
316,1,,0,1
317,,0,0,0
318,0,,0,0
319,2,,0,2
320,0,,0,0
321,0,,0,0
