,infect_symptomatic,infect_asymptomatic,trans_counts_to_pat,trans_counts_to_hcw
0,,3,0,3
1,,3,0,3
2,0,,0,0
3,1,,0,1
4,,2,0,2
5,0,,0,0
6,,1,0,1
7,0,,0,0
8,2,,0,2
9,0,,0,0
10,0,,0,0
11,0,,0,0
12,0,,0,0
13,0,,0,0
14,2,,0,2
15,0,,0,0
16,0,,0,0
17,0,,0,0
18,0,,0,0
19,0,,0,0
20,1,,0,1
21,,2,0,2
22,2,,0,2
23,0,,0,0
24,0,,0,0
25,0,,0,0
26,0,,0,0
27,0,,0,0
28,1,,0,1
29,0,,0,0
30,0,,0,0
31,0,,0,0
32,2,,0,2
33,,1,0,1
34,0,,0,0
35,0,,0,0
36,0,,0,0
37,0,,0,0
38,0,,0,0
39,0,,0,0
40,,2,0,2
41,1,,0,1
42,0,,0,0
43,0,,0,0
44,0,,0,0
45,0,,0,0
46,0,,0,0
47,1,,0,1
48,0,,0,0
49,0,,0,0
50,2,,0,2
51,0,,0,0
52,2,,0,2
53,0,,0,0
54,0,,0,0
55,0,,0,0
56,0,,0,0
57,0,,0,0
58,2,,0,2
59,0,,0,0
60,1,,0,1
61,0,,0,0
62,0,,0,0
63,0,,0,0
64,0,,0,0
65,0,,0,0
66,0,,0,0
67,0,,0,0
68,,0,0,0
69,5,,0,5
70,0,,0,0
71,0,,0,0
72,0,,0,0
73,0,,0,0
74,0,,0,0
75,4,,0,4
76,,0,0,0
77,0,,0,0
78,0,,0,0
79,0,,0,0
80,0,,0,0
81,0,,0,0
82,1,,0,1
83,0,,0,0
84,,4,0,4
85,0,,0,0
86,0,,0,0
87,0,,0,0
88,0,,0,0
89,,4,0,4
90,0,,0,0
91,0,,0,0
92,0,,0,0
93,0,,0,0
94,0,,0,0
95,0,,0,0
96,2,,0,2
97,,1,0,1
98,0,,0,0
99,0,,0,0
100,0,,0,0
101,0,,0,0
102,0,,0,0
103,0,,0,0
104,0,,0,0
105,0,,0,0
106,0,,0,0
107,0,,0,0
108,0,,0,0
109,0,,0,0
110,0,,0,0
111,0,,0,0
112,0,,0,0
113,0,,0,0
114,0,,0,0
115,0,,0,0
116,0,,0,0
117,0,,0,0
118,0,,0,0
119,1,,0,1
120,0,,0,0
121,1,,0,1
122,0,,0,0
123,0,,0,0
124,0,,0,0
125,4,,0,4
126,1,,0,1
127,0,,0,0
128,0,,0,0
129,0,,0,0
130,1,,0,1
131,0,,0,0
132,0,,0,0
133,0,,0,0
134,0,,0,0
135,0,,0,0
136,0,,0,0
137,0,,0,0
138,0,,0,0
139,0,,0,0
140,0,,0,0
141,0,,0,0
142,0,,0,0
143,0,,0,0
144,0,,0,0
145,0,,0,0
146,0,,0,0
147,0,,0,0
148,0,,0,0
149,0,,0,0
150,3,,0,3
151,3,,0,3
152,1,,0,1
153,0,,0,0
154,0,,0,0
155,0,,0,0
156,0,,0,0
157,2,,0,2
158,0,,0,0
159,0,,0,0
160,0,,0,0
161,0,,0,0
162,0,,0,0
163,2,,0,2
164,0,,0,0
165,0,,0,0
166,0,,0,0
167,0,,0,0
168,0,,0,0
169,5,,0,5
170,0,,0,0
171,0,,0,0
172,0,,0,0
173,0,,0,0
174,0,,0,0
175,0,,0,0
176,0,,0,0
177,0,,0,0
178,0,,0,0
179,,3,0,3
180,0,,0,0
181,1,,0,1
182,0,,0,0
183,0,,0,0
184,0,,0,0
185,0,,0,0
186,0,,0,0
187,0,,0,0
188,0,,0,0
189,1,,0,1
190,0,,0,0
191,0,,0,0
192,0,,0,0
193,0,,0,0
194,0,,0,0
195,0,,0,0
196,0,,0,0
197,0,,0,0
198,1,,0,1
199,0,,0,0
200,2,,0,2
201,0,,0,0
202,0,,0,0
203,0,,0,0
204,0,,0,0
205,0,,0,0
206,0,,0,0
207,0,,0,0
208,0,,0,0
209,0,,0,0
210,0,,0,0
211,0,,0,0
212,0,,0,0
213,0,,0,0
214,0,,0,0
215,0,,0,0
216,0,,0,0
217,0,,0,0
218,0,,0,0
219,0,,0,0
