,w1,w2,w3,w4,w5,w6,w7,w8,w9,w10,w11,w12,w13,w14,w15,w16,w17,w18,w19,w20,w21,w22,w23,w24,w25,w26,w27,w28
0,0.0,0.0,0.0,0.0,0.0,0.0,0.0,0.0,7.0,6.0,11.0,14.0,13.0,11.0,13.0,9.0,13.0,9.0,11.0,11.0,12.0,8.0,7.0,10.0,9.0,10.0,12.0,11.0
1,0.0,0.0,0.0,0.0,0.0,0.0,0.0,0.0,4.0,10.0,10.0,12.0,12.0,9.0,10.0,9.0,13.0,9.0,11.0,9.0,11.0,9.0,6.0,11.0,8.0,9.0,12.0,13.0
2,0.0,0.0,0.0,0.0,0.0,0.0,0.0,0.0,4.0,11.0,12.0,12.0,13.0,10.0,11.0,8.0,11.0,8.0,12.0,7.0,7.0,11.0,7.0,11.0,7.0,9.0,15.0,12.0
3,0.0,0.0,0.0,0.0,0.0,0.0,0.0,0.0,3.0,15.0,13.0,9.0,12.0,11.0,11.0,11.0,10.0,9.0,11.0,10.0,9.0,14.0,9.0,9.0,8.0,8.0,16.0,13.0
4,0.0,0.0,0.0,0.0,0.0,0.0,0.0,0.0,4.0,15.0,13.0,8.0,12.0,11.0,11.0,12.0,9.0,10.0,11.0,10.0,7.0,12.0,13.0,10.0,11.0,8.0,13.0,11.0
5,0.0,0.0,0.0,0.0,0.0,0.0,0.0,0.0,6.0,15.0,16.0,9.0,12.0,13.0,13.0,14.0,4.0,10.0,9.0,11.0,8.0,12.0,14.0,12.0,11.0,11.0,9.0,9.0
6,0.0,0.0,0.0,0.0,0.0,0.0,0.0,0.0,6.0,11.0,15.0,11.0,12.0,13.0,13.0,11.0,6.0,9.0,7.0,11.0,11.0,12.0,12.0,12.0,14.0,11.0,7.0,6.0
7,0.0,0.0,0.0,0.0,0.0,0.0,0.0,0.0,6.0,9.0,15.0,11.0,12.0,12.0,13.0,11.0,10.0,9.0,5.0,12.0,11.0,11.0,10.0,11.0,15.0,10.0,7.0,6.0
8,0.0,0.0,0.0,0.0,0.0,0.0,0.0,0.0,8.0,10.0,12.0,11.0,13.0,11.0,12.0,10.0,13.0,9.0,7.0,11.0,12.0,10.0,6.0,11.0,11.0,10.0,8.0,8.0
9,0.0,0.0,0.0,0.0,0.0,0.0,0.0,0.0,6.0,11.0,11.0,13.0,13.0,11.0,13.0,9.0,12.0,9.0,9.0,14.0,11.0,10.0,7.0,11.0,10.0,9.0,13.0,9.0
10,0.0,0.0,0.0,0.0,0.0,0.0,0.0,0.0,3.0,12.0,11.0,12.0,12.0,8.0,10.0,11.0,14.0,10.0,12.0,12.0,10.0,12.0,9.0,11.0,10.0,10.0,11.0,11.0
11,0.0,0.0,0.0,0.0,0.0,0.0,0.0,0.0,5.0,14.0,7.0,12.0,11.0,7.0,8.0,11.0,12.0,10.0,14.0,9.0,9.0,10.0,11.0,13.0,10.0,11.0,14.0,13.0
12,0.0,0.0,0.0,0.0,0.0,0.0,0.0,0.0,4.0,14.0,10.0,14.0,10.0,10.0,8.0,12.0,9.0,11.0,12.0,9.0,8.0,11.0,15.0,13.0,13.0,12.0,11.0,14.0
13,0.0,0.0,0.0,0.0,0.0,0.0,0.0,0.0,9.0,11.0,12.0,12.0,12.0,13.0,7.0,11.0,12.0,11.0,11.0,8.0,10.0,13.0,9.0,11.0,16.0,13.0,11.0,13.0
14,0.0,0.0,0.0,0.0,0.0,0.0,0.0,0.0,10.0,12.0,11.0,11.0,16.0,13.0,10.0,12.0,14.0,8.0,8.0,14.0,6.0,11.0,8.0,11.0,13.0,13.0,12.0,6.0
15,0.0,0.0,0.0,0.0,0.0,0.0,0.0,0.0,8.0,11.0,14.0,9.0,13.0,9.0,14.0,11.0,15.0,8.0,7.0,11.0,5.0,12.0,8.0,11.0,12.0,16.0,12.0,7.0
16,0.0,0.0,0.0,0.0,0.0,0.0,0.0,0.0,3.0,10.0,14.0,8.0,12.0,8.0,14.0,11.0,12.0,11.0,10.0,11.0,6.0,12.0,12.0,12.0,11.0,17.0,13.0,7.0
17,0.0,0.0,0.0,0.0,0.0,0.0,0.0,0.0,2.0,16.0,13.0,10.0,13.0,7.0,15.0,12.0,7.0,13.0,12.0,10.0,10.0,12.0,14.0,11.0,11.0,13.0,13.0,12.0
18,0.0,0.0,0.0,0.0,0.0,0.0,0.0,0.0,3.0,15.0,13.0,13.0,11.0,7.0,11.0,12.0,9.0,14.0,11.0,8.0,13.0,8.0,14.0,9.0,12.0,10.0,13.0,14.0
19,0.0,0.0,0.0,0.0,0.0,0.0,0.0,0.0,8.0,16.0,12.0,16.0,10.0,12.0,9.0,14.0,10.0,12.0,12.0,11.0,15.0,10.0,11.0,9.0,12.0,9.0,12.0,15.0
20,0.0,0.0,0.0,0.0,0.0,0.0,0.0,0.0,10.0,14.0,14.0,16.0,11.0,14.0,8.0,13.0,14.0,9.0,11.0,13.0,15.0,9.0,10.0,12.0,14.0,12.0,9.0,14.0
21,0.0,0.0,0.0,0.0,0.0,0.0,0.0,0.0,6.0,14.0,13.0,13.0,13.0,13.0,10.0,12.0,13.0,9.0,12.0,13.0,16.0,11.0,10.0,14.0,15.0,16.0,12.0,12.0
22,0.0,0.0,0.0,0.0,0.0,0.0,0.0,0.0,5.0,14.0,13.0,11.0,12.0,11.0,11.0,12.0,11.0,12.0,14.0,13.0,13.0,12.0,10.0,13.0,10.0,15.0,13.0,10.0
23,0.0,0.0,0.0,0.0,0.0,0.0,0.0,0.0,4.0,14.0,11.0,10.0,11.0,12.0,16.0,12.0,9.0,14.0,15.0,12.0,11.0,13.0,12.0,13.0,8.0,13.0,14.0,10.0
24,0.0,0.0,0.0,0.0,0.0,0.0,0.0,0.0,9.0,13.0,15.0,13.0,12.0,14.0,15.0,11.0,11.0,15.0,12.0,12.0,11.0,14.0,12.0,13.0,5.0,11.0,13.0,12.0
25,0.0,0.0,0.0,0.0,0.0,0.0,0.0,0.0,7.0,11.0,13.0,15.0,12.0,13.0,15.0,10.0,11.0,13.0,12.0,11.0,9.0,14.0,11.0,12.0,11.0,10.0,12.0,14.0
26,0.0,0.0,0.0,0.0,0.0,0.0,0.0,0.0,7.0,11.0,15.0,14.0,11.0,14.0,14.0,12.0,13.0,10.0,12.0,11.0,9.0,10.0,7.0,12.0,15.0,12.0,13.0,15.0
27,0.0,0.0,0.0,0.0,0.0,0.0,0.0,0.0,4.0,14.0,12.0,15.0,12.0,14.0,14.0,13.0,14.0,11.0,13.0,11.0,9.0,9.0,10.0,11.0,16.0,13.0,13.0,13.0
28,0.0,0.0,0.0,0.0,0.0,0.0,0.0,0.0,6.0,16.0,14.0,13.0,13.0,14.0,14.0,14.0,15.0,12.0,15.0,10.0,11.0,10.0,9.0,13.0,15.0,13.0,9.0,13.0
29,0.0,0.0,0.0,0.0,0.0,0.0,0.0,0.0,7.0,13.0,15.0,15.0,15.0,11.0,15.0,12.0,13.0,15.0,10.0,11.0,13.0,13.0,12.0,13.0,9.0,12.0,7.0,12.0
30,0.0,0.0,0.0,0.0,0.0,0.0,0.0,0.0,9.0,10.0,18.0,14.0,14.0,7.0,15.0,13.0,11.0,14.0,11.0,13.0,12.0,15.0,13.0,14.0,8.0,9.0,9.0,14.0
31,0.0,0.0,0.0,0.0,0.0,0.0,0.0,0.0,7.0,11.0,16.0,14.0,16.0,9.0,14.0,9.0,10.0,10.0,7.0,11.0,12.0,15.0,13.0,14.0,8.0,9.0,13.0,13.0
32,0.0,0.0,0.0,0.0,0.0,0.0,0.0,0.0,2.0,13.0,15.0,12.0,14.0,11.0,12.0,10.0,9.0,10.0,10.0,8.0,11.0,14.0,15.0,13.0,10.0,9.0,16.0,11.0
33,0.0,0.0,0.0,0.0,0.0,0.0,0.0,0.0,5.0,15.0,11.0,13.0,16.0,16.0,12.0,10.0,9.0,11.0,10.0,8.0,14.0,13.0,12.0,10.0,14.0,10.0,15.0,9.0
34,0.0,0.0,0.0,0.0,0.0,0.0,0.0,0.0,6.0,14.0,12.0,10.0,15.0,13.0,13.0,14.0,10.0,15.0,14.0,11.0,14.0,11.0,10.0,10.0,13.0,12.0,14.0,7.0
35,0.0,0.0,0.0,0.0,0.0,0.0,0.0,0.0,9.0,15.0,13.0,14.0,13.0,13.0,15.0,16.0,12.0,15.0,14.0,14.0,12.0,12.0,9.0,13.0,12.0,9.0,11.0,10.0
36,0.0,0.0,0.0,0.0,0.0,0.0,0.0,0.0,7.0,16.0,18.0,13.0,13.0,12.0,17.0,16.0,11.0,12.0,12.0,16.0,12.0,14.0,11.0,14.0,13.0,11.0,11.0,13.0
37,0.0,0.0,0.0,0.0,0.0,0.0,0.0,0.0,3.0,15.0,13.0,11.0,11.0,13.0,13.0,14.0,9.0,9.0,7.0,15.0,12.0,14.0,10.0,13.0,14.0,10.0,11.0,14.0
38,0.0,0.0,0.0,0.0,0.0,0.0,0.0,0.0,4.0,16.0,12.0,11.0,13.0,13.0,11.0,12.0,10.0,10.0,8.0,11.0,14.0,15.0,12.0,10.0,14.0,14.0,11.0,11.0
39,0.0,0.0,0.0,0.0,0.0,0.0,0.0,0.0,5.0,13.0,13.0,13.0,12.0,13.0,11.0,12.0,13.0,11.0,11.0,7.0,15.0,14.0,12.0,10.0,11.0,12.0,14.0,10.0
40,0.0,0.0,0.0,0.0,0.0,0.0,0.0,0.0,8.0,11.0,13.0,15.0,12.0,13.0,12.0,12.0,13.0,13.0,12.0,8.0,13.0,15.0,12.0,11.0,9.0,13.0,15.0,10.0
41,0.0,0.0,0.0,0.0,0.0,0.0,0.0,0.0,6.0,12.0,13.0,12.0,11.0,13.0,15.0,14.0,15.0,12.0,12.0,8.0,10.0,14.0,13.0,12.0,9.0,12.0,14.0,13.0
42,0.0,0.0,0.0,0.0,0.0,0.0,0.0,0.0,7.0,16.0,14.0,10.0,12.0,13.0,12.0,16.0,16.0,12.0,11.0,15.0,11.0,11.0,12.0,11.0,9.0,11.0,15.0,14.0
43,0.0,0.0,0.0,0.0,0.0,0.0,0.0,0.0,7.0,16.0,13.0,12.0,17.0,12.0,13.0,17.0,16.0,15.0,12.0,18.0,12.0,9.0,13.0,12.0,10.0,13.0,11.0,12.0
44,0.0,0.0,0.0,0.0,0.0,0.0,0.0,0.0,5.0,15.0,15.0,12.0,15.0,12.0,15.0,14.0,14.0,12.0,9.0,14.0,14.0,11.0,11.0,11.0,11.0,13.0,12.0,11.0
45,0.0,0.0,0.0,0.0,0.0,0.0,0.0,0.0,5.0,13.0,17.0,14.0,11.0,13.0,14.0,12.0,11.0,12.0,8.0,11.0,13.0,14.0,11.0,15.0,12.0,14.0,10.0,13.0
46,0.0,0.0,0.0,0.0,0.0,0.0,0.0,0.0,3.0,14.0,15.0,13.0,9.0,16.0,12.0,11.0,10.0,9.0,12.0,11.0,14.0,16.0,11.0,11.0,15.0,12.0,12.0,13.0
47,0.0,0.0,0.0,0.0,0.0,0.0,0.0,0.0,7.0,13.0,13.0,12.0,9.0,16.0,10.0,11.0,8.0,8.0,13.0,14.0,11.0,12.0,12.0,6.0,11.0,12.0,11.0,16.0
48,0.0,0.0,0.0,0.0,0.0,0.0,0.0,0.0,7.0,16.0,12.0,11.0,13.0,14.0,12.0,12.0,9.0,9.0,12.0,16.0,12.0,12.0,11.0,7.0,12.0,11.0,12.0,14.0
49,0.0,0.0,0.0,0.0,0.0,0.0,0.0,0.0,6.0,14.0,11.0,11.0,14.0,13.0,13.0,13.0,9.0,8.0,11.0,17.0,9.0,12.0,12.0,11.0,10.0,10.0,12.0,12.0
50,0.0,0.0,0.0,0.0,0.0,0.0,0.0,0.0,4.0,11.0,12.0,11.0,12.0,12.0,13.0,14.0,10.0,9.0,12.0,15.0,11.0,12.0,11.0,12.0,9.0,10.0,8.0,7.0
51,0.0,0.0,0.0,0.0,0.0,0.0,0.0,0.0,2.0,13.0,13.0,12.0,13.0,14.0,15.0,12.0,11.0,11.0,12.0,13.0,12.0,13.0,11.0,12.0,12.0,10.0,10.0,8.0
52,0.0,0.0,0.0,0.0,0.0,0.0,0.0,0.0,5.0,13.0,14.0,17.0,12.0,16.0,14.0,10.0,14.0,11.0,12.0,13.0,12.0,11.0,13.0,13.0,13.0,14.0,12.0,11.0
53,0.0,0.0,0.0,0.0,0.0,0.0,0.0,0.0,7.0,11.0,13.0,14.0,14.0,14.0,13.0,10.0,12.0,13.0,12.0,10.0,15.0,13.0,12.0,12.0,12.0,11.0,8.0,13.0
54,0.0,0.0,0.0,0.0,0.0,0.0,0.0,0.0,5.0,13.0,14.0,11.0,12.0,13.0,14.0,10.0,13.0,15.0,9.0,11.0,14.0,12.0,11.0,12.0,11.0,9.0,11.0,14.0
55,0.0,0.0,0.0,0.0,0.0,0.0,0.0,0.0,5.0,14.0,12.0,9.0,9.0,9.0,11.0,13.0,13.0,14.0,10.0,12.0,12.0,13.0,12.0,13.0,10.0,8.0,10.0,10.0
56,0.0,0.0,0.0,0.0,0.0,0.0,0.0,0.0,3.0,16.0,13.0,7.0,9.0,11.0,12.0,13.0,15.0,11.0,12.0,13.0,11.0,13.0,12.0,14.0,11.0,9.0,11.0,8.0
57,0.0,0.0,0.0,0.0,0.0,0.0,0.0,0.0,5.0,14.0,16.0,11.0,10.0,13.0,13.0,14.0,14.0,10.0,10.0,10.0,9.0,15.0,13.0,12.0,13.0,11.0,11.0,8.0
58,0.0,0.0,0.0,0.0,0.0,0.0,0.0,0.0,6.0,12.0,13.0,10.0,13.0,12.0,14.0,12.0,13.0,12.0,8.0,10.0,10.0,14.0,13.0,11.0,13.0,12.0,11.0,8.0
59,0.0,0.0,0.0,1.0,0.0,0.0,0.0,0.0,8.0,13.0,12.0,12.0,13.0,12.0,15.0,11.0,9.0,11.0,10.0,8.0,10.0,11.0,11.0,10.0,12.0,11.0,13.0,9.0
60,0.0,0.0,0.0,1.0,0.0,0.0,0.0,0.0,8.0,15.0,13.0,11.0,14.0,11.0,15.0,9.0,9.0,11.0,10.0,10.0,11.0,10.0,12.0,8.0,13.0,10.0,11.0,11.0
61,0.0,0.0,0.0,1.0,0.0,0.0,0.0,0.0,8.0,15.0,8.0,13.0,13.0,8.0,12.0,7.0,9.0,12.0,14.0,11.0,13.0,10.0,7.0,9.0,10.0,11.0,11.0,13.0
62,0.0,0.0,0.0,1.0,0.0,0.0,0.0,0.0,6.0,12.0,13.0,11.0,10.0,8.0,11.0,9.0,9.0,7.0,14.0,11.0,12.0,12.0,8.0,8.0,13.0,9.0,12.0,13.0
63,0.0,0.0,0.0,1.0,0.0,0.0,0.0,0.0,6.0,11.0,15.0,13.0,11.0,10.0,11.0,12.0,14.0,8.0,13.0,11.0,10.0,11.0,10.0,10.0,14.0,8.0,12.0,16.0
64,0.0,0.0,0.0,1.0,0.0,0.0,0.0,0.0,3.0,8.0,15.0,13.0,11.0,8.0,12.0,14.0,15.0,11.0,9.0,11.0,12.0,12.0,12.0,12.0,10.0,10.0,12.0,12.0
65,0.0,0.0,0.0,1.0,0.0,0.0,0.0,0.0,3.0,10.0,17.0,13.0,12.0,10.0,14.0,13.0,14.0,12.0,8.0,12.0,12.0,6.0,13.0,14.0,11.0,7.0,13.0,12.0
66,0.0,0.0,0.0,1.0,0.0,0.0,0.0,0.0,5.0,16.0,13.0,7.0,11.0,11.0,15.0,13.0,13.0,14.0,10.0,11.0,12.0,8.0,12.0,12.0,10.0,10.0,11.0,10.0
67,0.0,0.0,0.0,1.0,0.0,0.0,0.0,0.0,6.0,12.0,8.0,9.0,12.0,12.0,14.0,10.0,11.0,13.0,10.0,9.0,13.0,10.0,12.0,10.0,11.0,13.0,9.0,5.0
68,0.0,0.0,0.0,1.0,0.0,0.0,0.0,0.0,6.0,13.0,8.0,10.0,10.0,12.0,13.0,10.0,12.0,9.0,12.0,9.0,10.0,9.0,13.0,9.0,12.0,12.0,11.0,8.0
69,0.0,0.0,0.0,1.0,0.0,0.0,0.0,0.0,6.0,11.0,8.0,10.0,11.0,11.0,14.0,11.0,13.0,6.0,13.0,11.0,8.0,13.0,12.0,9.0,13.0,10.0,10.0,9.0
70,0.0,0.0,0.0,1.0,0.0,0.0,0.0,0.0,4.0,10.0,10.0,15.0,14.0,10.0,12.0,9.0,10.0,10.0,10.0,13.0,9.0,11.0,9.0,9.0,11.0,8.0,11.0,10.0
71,0.0,0.0,0.0,1.0,0.0,0.0,0.0,0.0,3.0,14.0,12.0,13.0,11.0,9.0,11.0,10.0,11.0,10.0,11.0,14.0,8.0,10.0,7.0,10.0,7.0,7.0,13.0,10.0
72,0.0,0.0,0.0,1.0,0.0,0.0,0.0,0.0,5.0,15.0,15.0,13.0,14.0,12.0,10.0,13.0,11.0,10.0,12.0,13.0,9.0,10.0,5.0,11.0,7.0,6.0,12.0,12.0
73,0.0,0.0,0.0,1.0,0.0,0.0,0.0,0.0,7.0,13.0,13.0,13.0,15.0,12.0,10.0,12.0,10.0,12.0,8.0,15.0,8.0,12.0,7.0,12.0,7.0,10.0,11.0,13.0
74,0.0,0.0,0.0,1.0,0.0,0.0,0.0,0.0,7.0,12.0,13.0,14.0,11.0,12.0,10.0,15.0,13.0,11.0,9.0,13.0,8.0,15.0,11.0,11.0,8.0,12.0,11.0,10.0
75,0.0,0.0,0.0,1.0,0.0,0.0,0.0,0.0,8.0,10.0,13.0,14.0,14.0,14.0,11.0,11.0,11.0,9.0,11.0,12.0,8.0,16.0,13.0,12.0,14.0,13.0,11.0,12.0
76,0.0,0.0,0.0,1.0,0.0,0.0,0.0,1.0,6.0,11.0,13.0,15.0,12.0,12.0,12.0,11.0,12.0,12.0,12.0,12.0,12.0,16.0,10.0,14.0,12.0,14.0,11.0,10.0
77,0.0,1.0,1.0,1.0,0.0,3.0,0.0,1.0,8.0,13.0,15.0,13.0,13.0,14.0,13.0,10.0,10.0,12.0,14.0,14.0,12.0,13.0,10.0,12.0,12.0,14.0,10.0,10.0
78,0.0,2.0,1.0,1.0,0.0,3.0,0.0,0.0,7.0,12.0,12.0,12.0,13.0,12.0,14.0,14.0,12.0,11.0,13.0,14.0,14.0,11.0,7.0,10.0,11.0,11.0,9.0,13.0
79,0.0,4.0,2.0,1.0,1.0,3.0,0.0,0.0,8.0,12.0,12.0,11.0,14.0,13.0,17.0,11.0,11.0,11.0,13.0,13.0,14.0,9.0,12.0,7.0,12.0,10.0,12.0,13.0
80,1.0,5.0,2.0,1.0,2.0,4.0,0.0,0.0,6.0,12.0,11.0,11.0,15.0,12.0,17.0,11.0,10.0,12.0,15.0,10.0,14.0,11.0,12.0,10.0,12.0,11.0,13.0,13.0
81,2.0,6.0,2.0,1.0,3.0,1.0,0.0,0.0,6.0,11.0,12.0,9.0,12.0,10.0,11.0,11.0,10.0,14.0,12.0,8.0,11.0,12.0,14.0,12.0,13.0,12.0,10.0,13.0
82,3.0,6.0,2.0,2.0,4.0,1.0,1.0,0.0,7.0,11.0,13.0,10.0,12.0,9.0,7.0,13.0,9.0,12.0,8.0,10.0,10.0,12.0,12.0,13.0,14.0,13.0,9.0,12.0
83,4.0,6.0,3.0,2.0,5.0,2.0,4.0,0.0,6.0,12.0,12.0,11.0,11.0,10.0,8.0,16.0,13.0,13.0,10.0,12.0,13.0,12.0,12.0,13.0,14.0,15.0,11.0,12.0
84,4.0,6.0,4.0,3.0,7.0,2.0,5.0,0.0,4.0,12.0,14.0,9.0,12.0,12.0,10.0,17.0,10.0,10.0,9.0,13.0,13.0,10.0,9.0,12.0,12.0,13.0,9.0,12.0
85,5.0,7.0,4.0,3.0,6.0,2.0,6.0,0.0,5.0,14.0,14.0,12.0,10.0,14.0,12.0,15.0,14.0,12.0,8.0,12.0,9.0,10.0,8.0,10.0,11.0,10.0,11.0,9.0
86,6.0,7.0,5.0,4.0,7.0,3.0,8.0,1.0,4.0,14.0,15.0,13.0,10.0,17.0,14.0,12.0,14.0,13.0,11.0,10.0,9.0,12.0,10.0,13.0,10.0,8.0,12.0,12.0
87,7.0,7.0,8.0,5.0,8.0,4.0,8.0,2.0,7.0,13.0,17.0,12.0,11.0,14.0,15.0,9.0,12.0,10.0,11.0,9.0,8.0,12.0,12.0,15.0,11.0,8.0,10.0,13.0
88,7.0,7.0,10.0,6.0,6.0,5.0,8.0,4.0,5.0,11.0,17.0,12.0,12.0,13.0,14.0,7.0,13.0,12.0,12.0,12.0,11.0,11.0,15.0,14.0,13.0,12.0,11.0,14.0
89,9.0,10.0,10.0,8.0,6.0,5.0,8.0,8.0,6.0,14.0,17.0,9.0,12.0,12.0,13.0,10.0,9.0,11.0,12.0,16.0,14.0,11.0,11.0,11.0,12.0,13.0,11.0,12.0
90,9.0,11.0,10.0,8.0,6.0,6.0,8.0,7.0,4.0,15.0,15.0,9.0,12.0,15.0,11.0,11.0,12.0,15.0,11.0,13.0,11.0,11.0,11.0,8.0,13.0,15.0,13.0,12.0
91,10.0,11.0,13.0,9.0,7.0,4.0,8.0,8.0,6.0,16.0,15.0,10.0,13.0,15.0,10.0,12.0,10.0,14.0,14.0,13.0,10.0,10.0,9.0,11.0,13.0,14.0,13.0,12.0
92,11.0,13.0,13.0,12.0,6.0,5.0,9.0,11.0,6.0,15.0,15.0,10.0,13.0,16.0,11.0,13.0,15.0,12.0,13.0,12.0,9.0,10.0,12.0,8.0,12.0,11.0,14.0,13.0
93,11.0,12.0,13.0,12.0,7.0,9.0,9.0,11.0,7.0,11.0,14.0,12.0,12.0,13.0,11.0,11.0,13.0,10.0,16.0,11.0,12.0,9.0,12.0,13.0,12.0,8.0,14.0,11.0
94,12.0,13.0,14.0,13.0,7.0,10.0,11.0,11.0,7.0,13.0,15.0,14.0,12.0,11.0,14.0,9.0,13.0,10.0,15.0,12.0,14.0,12.0,13.0,13.0,10.0,6.0,12.0,11.0
95,14.0,14.0,13.0,13.0,8.0,9.0,9.0,10.0,6.0,13.0,11.0,12.0,13.0,11.0,16.0,10.0,10.0,13.0,16.0,12.0,13.0,14.0,13.0,13.0,8.0,10.0,11.0,12.0
96,14.0,14.0,12.0,12.0,8.0,9.0,9.0,9.0,5.0,15.0,8.0,14.0,11.0,13.0,15.0,13.0,9.0,12.0,15.0,12.0,11.0,16.0,13.0,11.0,9.0,12.0,11.0,14.0
97,13.0,14.0,13.0,13.0,8.0,8.0,9.0,8.0,5.0,17.0,8.0,12.0,11.0,13.0,12.0,10.0,8.0,14.0,14.0,12.0,5.0,13.0,12.0,11.0,10.0,11.0,15.0,13.0
98,11.0,15.0,12.0,13.0,9.0,6.0,8.0,6.0,7.0,14.0,11.0,13.0,12.0,17.0,11.0,10.0,10.0,13.0,13.0,12.0,8.0,10.0,11.0,12.0,14.0,15.0,16.0,12.0
99,12.0,15.0,12.0,15.0,9.0,6.0,10.0,7.0,7.0,13.0,13.0,12.0,15.0,14.0,13.0,9.0,13.0,12.0,11.0,11.0,10.0,10.0,11.0,13.0,12.0,14.0,14.0,10.0
100,11.0,15.0,12.0,16.0,9.0,7.0,10.0,9.0,7.0,13.0,10.0,10.0,15.0,12.0,14.0,9.0,15.0,10.0,10.0,10.0,14.0,11.0,12.0,11.0,10.0,9.0,11.0,10.0
101,9.0,15.0,12.0,15.0,9.0,5.0,8.0,7.0,5.0,13.0,10.0,12.0,13.0,7.0,12.0,11.0,13.0,8.0,10.0,11.0,15.0,15.0,12.0,11.0,10.0,7.0,12.0,11.0
102,10.0,14.0,11.0,15.0,5.0,4.0,7.0,6.0,6.0,16.0,13.0,12.0,14.0,10.0,13.0,12.0,9.0,7.0,11.0,14.0,11.0,12.0,13.0,12.0,11.0,4.0,11.0,12.0
103,10.0,14.0,11.0,15.0,6.0,3.0,5.0,5.0,5.0,14.0,14.0,17.0,12.0,11.0,13.0,13.0,9.0,9.0,13.0,11.0,9.0,14.0,12.0,13.0,10.0,7.0,12.0,13.0
104,11.0,16.0,13.0,15.0,4.0,4.0,6.0,4.0,4.0,13.0,14.0,13.0,13.0,11.0,15.0,13.0,11.0,12.0,9.0,9.0,9.0,11.0,11.0,11.0,11.0,12.0,11.0,14.0
105,11.0,15.0,12.0,16.0,4.0,3.0,6.0,4.0,6.0,12.0,15.0,9.0,11.0,13.0,12.0,10.0,13.0,14.0,9.0,10.0,8.0,11.0,9.0,12.0,10.0,13.0,10.0,13.0
106,11.0,15.0,12.0,16.0,5.0,4.0,7.0,4.0,6.0,10.0,14.0,7.0,8.0,11.0,11.0,7.0,16.0,14.0,12.0,7.0,9.0,9.0,9.0,11.0,11.0,15.0,11.0,12.0
107,11.0,13.0,12.0,16.0,7.0,4.0,8.0,3.0,9.0,12.0,13.0,8.0,10.0,11.0,10.0,7.0,13.0,13.0,9.0,9.0,10.0,8.0,11.0,11.0,13.0,12.0,12.0,12.0
108,11.0,13.0,11.0,15.0,6.0,3.0,8.0,2.0,7.0,12.0,10.0,11.0,10.0,12.0,6.0,8.0,10.0,11.0,11.0,11.0,8.0,10.0,10.0,14.0,13.0,13.0,12.0,10.0
109,11.0,13.0,11.0,14.0,4.0,2.0,7.0,1.0,4.0,11.0,8.0,13.0,10.0,14.0,8.0,8.0,9.0,12.0,12.0,9.0,11.0,12.0,13.0,15.0,12.0,13.0,13.0,10.0
110,10.0,13.0,11.0,14.0,6.0,2.0,3.0,1.0,2.0,11.0,8.0,14.0,13.0,14.0,9.0,12.0,9.0,14.0,6.0,13.0,9.0,14.0,14.0,13.0,10.0,12.0,11.0,11.0
111,11.0,12.0,11.0,14.0,6.0,2.0,3.0,2.0,4.0,10.0,11.0,12.0,14.0,13.0,9.0,12.0,11.0,15.0,8.0,13.0,9.0,13.0,12.0,12.0,11.0,14.0,11.0,13.0
112,11.0,12.0,10.0,12.0,4.0,1.0,2.0,1.0,7.0,10.0,16.0,10.0,12.0,11.0,15.0,13.0,14.0,14.0,9.0,12.0,9.0,11.0,12.0,10.0,11.0,9.0,11.0,13.0
113,10.0,12.0,8.0,11.0,3.0,1.0,2.0,1.0,8.0,15.0,14.0,11.0,13.0,12.0,16.0,14.0,17.0,14.0,10.0,10.0,10.0,9.0,11.0,12.0,11.0,7.0,12.0,13.0
114,9.0,12.0,8.0,11.0,2.0,1.0,2.0,0.0,6.0,16.0,13.0,14.0,9.0,13.0,15.0,13.0,15.0,14.0,13.0,10.0,15.0,10.0,9.0,14.0,10.0,10.0,10.0,12.0
115,8.0,12.0,7.0,11.0,1.0,1.0,2.0,0.0,5.0,13.0,14.0,14.0,12.0,16.0,14.0,10.0,10.0,12.0,12.0,11.0,13.0,10.0,10.0,15.0,9.0,15.0,10.0,13.0
116,7.0,11.0,7.0,9.0,1.0,2.0,1.0,0.0,6.0,11.0,15.0,15.0,11.0,11.0,10.0,9.0,8.0,13.0,12.0,15.0,12.0,11.0,11.0,13.0,10.0,16.0,11.0,15.0
117,7.0,9.0,7.0,9.0,1.0,2.0,1.0,1.0,6.0,9.0,17.0,15.0,14.0,9.0,9.0,10.0,9.0,13.0,13.0,13.0,11.0,13.0,15.0,12.0,13.0,15.0,14.0,11.0
118,7.0,9.0,6.0,9.0,1.0,2.0,1.0,2.0,5.0,9.0,15.0,14.0,12.0,9.0,9.0,12.0,15.0,12.0,12.0,12.0,9.0,10.0,14.0,11.0,12.0,12.0,10.0,7.0
119,7.0,9.0,7.0,9.0,2.0,2.0,2.0,3.0,4.0,13.0,13.0,10.0,14.0,12.0,12.0,12.0,13.0,13.0,12.0,11.0,12.0,8.0,12.0,10.0,13.0,13.0,7.0,8.0
120,7.0,8.0,6.0,9.0,2.0,1.0,2.0,2.0,3.0,11.0,12.0,9.0,11.0,11.0,13.0,11.0,12.0,13.0,12.0,11.0,10.0,8.0,11.0,12.0,10.0,12.0,7.0,12.0
121,9.0,7.0,7.0,9.0,2.0,1.0,2.0,1.0,4.0,13.0,11.0,8.0,12.0,13.0,13.0,10.0,9.0,14.0,12.0,10.0,12.0,11.0,11.0,12.0,11.0,14.0,10.0,13.0
122,8.0,7.0,7.0,8.0,2.0,1.0,2.0,0.0,4.0,15.0,12.0,7.0,11.0,12.0,14.0,11.0,7.0,11.0,11.0,10.0,12.0,11.0,8.0,11.0,10.0,13.0,13.0,12.0
123,8.0,7.0,7.0,7.0,1.0,0.0,2.0,0.0,6.0,14.0,12.0,12.0,9.0,12.0,15.0,11.0,10.0,11.0,12.0,10.0,14.0,11.0,11.0,12.0,10.0,12.0,17.0,8.0
124,9.0,6.0,7.0,8.0,1.0,0.0,1.0,0.0,9.0,11.0,12.0,13.0,11.0,13.0,12.0,12.0,13.0,9.0,12.0,11.0,17.0,9.0,11.0,12.0,11.0,10.0,14.0,10.0
125,9.0,5.0,7.0,8.0,0.0,0.0,1.0,0.0,6.0,10.0,12.0,15.0,14.0,12.0,11.0,9.0,13.0,8.0,9.0,11.0,14.0,10.0,9.0,12.0,11.0,10.0,14.0,9.0
126,9.0,6.0,6.0,7.0,0.0,0.0,0.0,0.0,4.0,12.0,14.0,13.0,13.0,11.0,11.0,12.0,15.0,9.0,9.0,13.0,14.0,11.0,9.0,12.0,11.0,14.0,12.0,10.0
127,8.0,6.0,5.0,6.0,0.0,0.0,1.0,0.0,4.0,12.0,16.0,14.0,10.0,14.0,14.0,13.0,12.0,13.0,9.0,10.0,9.0,12.0,11.0,11.0,10.0,16.0,12.0,11.0
128,8.0,6.0,4.0,5.0,0.0,0.0,1.0,0.0,5.0,13.0,17.0,12.0,11.0,16.0,13.0,15.0,11.0,13.0,12.0,9.0,11.0,13.0,13.0,13.0,8.0,15.0,12.0,12.0
129,8.0,6.0,6.0,4.0,0.0,0.0,1.0,0.0,8.0,11.0,17.0,14.0,12.0,17.0,15.0,16.0,6.0,12.0,15.0,7.0,13.0,13.0,15.0,13.0,6.0,10.0,13.0,12.0
130,8.0,5.0,6.0,4.0,0.0,0.0,1.0,0.0,7.0,11.0,15.0,13.0,16.0,14.0,12.0,15.0,6.0,8.0,13.0,11.0,15.0,10.0,14.0,13.0,7.0,7.0,13.0,14.0
131,8.0,5.0,6.0,4.0,0.0,0.0,1.0,0.0,5.0,12.0,14.0,15.0,12.0,10.0,10.0,12.0,9.0,11.0,13.0,14.0,11.0,12.0,14.0,11.0,14.0,8.0,13.0,12.0
132,8.0,5.0,6.0,4.0,0.0,0.0,1.0,0.0,6.0,14.0,13.0,15.0,11.0,7.0,9.0,12.0,11.0,13.0,12.0,13.0,11.0,10.0,11.0,12.0,15.0,11.0,13.0,10.0
133,8.0,4.0,6.0,4.0,0.0,0.0,1.0,0.0,7.0,15.0,16.0,16.0,10.0,11.0,9.0,12.0,12.0,14.0,12.0,12.0,11.0,13.0,11.0,14.0,14.0,13.0,11.0,10.0
134,8.0,4.0,6.0,4.0,0.0,0.0,1.0,0.0,9.0,14.0,13.0,13.0,12.0,15.0,12.0,13.0,14.0,12.0,12.0,12.0,14.0,14.0,6.0,12.0,11.0,12.0,9.0,12.0
135,8.0,4.0,6.0,4.0,0.0,0.0,1.0,0.0,8.0,12.0,12.0,12.0,11.0,18.0,13.0,13.0,13.0,11.0,13.0,12.0,14.0,14.0,11.0,10.0,10.0,11.0,9.0,15.0
136,8.0,4.0,6.0,3.0,0.0,0.0,1.0,0.0,7.0,11.0,10.0,9.0,12.0,15.0,14.0,14.0,14.0,11.0,15.0,8.0,13.0,12.0,13.0,7.0,11.0,11.0,11.0,13.0
137,8.0,5.0,5.0,3.0,0.0,0.0,1.0,0.0,7.0,12.0,10.0,10.0,13.0,12.0,15.0,14.0,10.0,10.0,16.0,7.0,13.0,8.0,16.0,6.0,12.0,10.0,13.0,10.0
138,6.0,5.0,6.0,3.0,0.0,0.0,1.0,0.0,7.0,14.0,14.0,10.0,11.0,10.0,14.0,13.0,9.0,12.0,15.0,9.0,13.0,9.0,16.0,9.0,14.0,12.0,13.0,7.0
139,6.0,5.0,6.0,2.0,0.0,0.0,0.0,0.0,8.0,14.0,13.0,12.0,12.0,11.0,13.0,13.0,9.0,10.0,10.0,10.0,10.0,12.0,14.0,10.0,13.0,15.0,10.0,8.0
140,6.0,5.0,6.0,2.0,0.0,0.0,0.0,0.0,7.0,13.0,16.0,13.0,9.0,12.0,12.0,13.0,10.0,12.0,7.0,13.0,12.0,15.0,13.0,12.0,12.0,16.0,10.0,11.0
141,6.0,3.0,6.0,1.0,0.0,0.0,0.0,0.0,7.0,14.0,19.0,14.0,13.0,17.0,12.0,11.0,15.0,12.0,8.0,15.0,11.0,16.0,10.0,15.0,12.0,16.0,12.0,11.0
142,6.0,3.0,5.0,1.0,0.0,0.0,0.0,0.0,8.0,14.0,15.0,15.0,11.0,14.0,11.0,10.0,14.0,15.0,13.0,12.0,15.0,11.0,9.0,13.0,11.0,13.0,13.0,14.0
143,6.0,3.0,5.0,1.0,0.0,0.0,0.0,0.0,3.0,17.0,13.0,15.0,12.0,13.0,12.0,13.0,12.0,14.0,16.0,12.0,15.0,11.0,13.0,13.0,12.0,11.0,15.0,14.0
144,6.0,3.0,5.0,1.0,0.0,0.0,0.0,1.0,5.0,15.0,13.0,12.0,12.0,13.0,12.0,16.0,11.0,12.0,12.0,12.0,16.0,14.0,13.0,16.0,10.0,11.0,15.0,12.0
145,6.0,3.0,5.0,1.0,0.0,0.0,0.0,0.0,6.0,14.0,14.0,12.0,14.0,11.0,12.0,15.0,12.0,10.0,11.0,11.0,12.0,14.0,15.0,14.0,12.0,9.0,13.0,13.0
146,6.0,3.0,5.0,1.0,0.0,0.0,0.0,0.0,9.0,15.0,14.0,13.0,15.0,11.0,13.0,12.0,9.0,11.0,11.0,9.0,11.0,14.0,13.0,9.0,15.0,9.0,10.0,13.0
147,6.0,3.0,5.0,1.0,0.0,0.0,0.0,0.0,9.0,14.0,15.0,16.0,14.0,9.0,14.0,11.0,10.0,13.0,13.0,9.0,10.0,12.0,11.0,6.0,16.0,9.0,11.0,11.0
148,6.0,3.0,5.0,1.0,1.0,0.0,0.0,0.0,7.0,14.0,15.0,12.0,12.0,11.0,14.0,11.0,9.0,11.0,11.0,11.0,12.0,12.0,12.0,7.0,14.0,12.0,12.0,10.0
149,5.0,2.0,5.0,1.0,1.0,0.0,0.0,0.0,4.0,13.0,13.0,13.0,13.0,12.0,13.0,10.0,11.0,11.0,10.0,13.0,12.0,10.0,11.0,10.0,12.0,11.0,14.0,11.0
150,5.0,2.0,4.0,1.0,1.0,0.0,0.0,0.0,3.0,14.0,13.0,8.0,13.0,13.0,14.0,11.0,11.0,11.0,11.0,15.0,11.0,12.0,11.0,12.0,10.0,12.0,15.0,9.0
151,5.0,2.0,4.0,1.0,1.0,0.0,0.0,0.0,3.0,13.0,13.0,11.0,11.0,13.0,12.0,11.0,9.0,13.0,11.0,14.0,11.0,12.0,9.0,11.0,10.0,12.0,15.0,8.0
152,5.0,1.0,4.0,1.0,1.0,0.0,0.0,0.0,6.0,14.0,14.0,10.0,10.0,13.0,10.0,12.0,11.0,8.0,13.0,13.0,13.0,11.0,8.0,7.0,10.0,8.0,14.0,9.0
153,5.0,1.0,4.0,1.0,1.0,0.0,0.0,0.0,7.0,13.0,14.0,11.0,12.0,14.0,9.0,10.0,12.0,9.0,9.0,11.0,12.0,11.0,8.0,9.0,13.0,10.0,12.0,10.0
154,5.0,1.0,4.0,1.0,0.0,0.0,0.0,0.0,5.0,10.0,15.0,14.0,13.0,15.0,10.0,10.0,11.0,10.0,8.0,9.0,14.0,10.0,8.0,10.0,11.0,10.0,13.0,16.0
155,5.0,1.0,4.0,1.0,0.0,0.0,1.0,0.0,5.0,12.0,16.0,16.0,14.0,15.0,11.0,10.0,9.0,10.0,8.0,6.0,13.0,11.0,11.0,7.0,10.0,10.0,11.0,14.0
156,5.0,1.0,4.0,1.0,0.0,0.0,1.0,0.0,5.0,11.0,16.0,16.0,15.0,10.0,11.0,9.0,8.0,12.0,6.0,9.0,10.0,11.0,10.0,12.0,9.0,14.0,13.0,12.0
157,5.0,1.0,4.0,1.0,0.0,0.0,1.0,0.0,4.0,13.0,16.0,15.0,12.0,9.0,12.0,8.0,8.0,12.0,11.0,12.0,10.0,12.0,14.0,12.0,8.0,12.0,11.0,12.0
158,4.0,1.0,4.0,1.0,0.0,0.0,1.0,0.0,8.0,14.0,13.0,12.0,12.0,9.0,8.0,8.0,11.0,9.0,13.0,14.0,9.0,13.0,12.0,12.0,11.0,12.0,12.0,9.0
159,4.0,1.0,4.0,1.0,0.0,0.0,0.0,0.0,8.0,13.0,14.0,9.0,10.0,9.0,11.0,11.0,13.0,7.0,12.0,14.0,9.0,9.0,13.0,13.0,15.0,11.0,12.0,9.0
160,4.0,1.0,4.0,1.0,0.0,0.0,0.0,0.0,5.0,10.0,13.0,7.0,9.0,11.0,13.0,13.0,14.0,9.0,14.0,11.0,12.0,8.0,13.0,11.0,15.0,13.0,14.0,8.0
161,4.0,1.0,4.0,1.0,0.0,0.0,0.0,0.0,4.0,14.0,15.0,9.0,12.0,13.0,15.0,15.0,13.0,8.0,11.0,9.0,13.0,9.0,12.0,10.0,13.0,11.0,13.0,7.0
162,4.0,1.0,4.0,1.0,0.0,0.0,0.0,0.0,2.0,16.0,14.0,13.0,13.0,13.0,14.0,11.0,14.0,12.0,9.0,12.0,13.0,11.0,12.0,11.0,11.0,12.0,13.0,13.0
163,4.0,1.0,4.0,1.0,0.0,0.0,0.0,0.0,7.0,14.0,11.0,15.0,13.0,13.0,14.0,11.0,14.0,14.0,12.0,9.0,13.0,12.0,11.0,12.0,12.0,12.0,11.0,15.0
164,4.0,1.0,3.0,1.0,0.0,0.0,0.0,0.0,8.0,13.0,9.0,12.0,16.0,12.0,12.0,11.0,12.0,13.0,12.0,11.0,10.0,13.0,10.0,14.0,12.0,12.0,12.0,14.0
165,4.0,1.0,3.0,1.0,0.0,0.0,0.0,0.0,6.0,12.0,13.0,10.0,13.0,11.0,14.0,12.0,10.0,13.0,11.0,11.0,12.0,13.0,9.0,13.0,12.0,10.0,14.0,13.0
166,4.0,1.0,3.0,1.0,0.0,0.0,0.0,0.0,5.0,16.0,15.0,9.0,15.0,13.0,14.0,12.0,9.0,10.0,11.0,11.0,9.0,13.0,9.0,12.0,11.0,11.0,15.0,14.0
167,4.0,1.0,2.0,1.0,0.0,0.0,0.0,0.0,5.0,17.0,17.0,13.0,11.0,16.0,15.0,13.0,10.0,11.0,14.0,12.0,11.0,13.0,12.0,11.0,12.0,12.0,15.0,14.0
168,4.0,1.0,2.0,1.0,0.0,0.0,0.0,0.0,7.0,14.0,13.0,14.0,10.0,16.0,13.0,11.0,10.0,11.0,14.0,13.0,12.0,13.0,12.0,11.0,13.0,15.0,12.0,12.0
169,4.0,1.0,2.0,1.0,0.0,0.0,0.0,0.0,8.0,13.0,14.0,15.0,13.0,12.0,15.0,12.0,14.0,13.0,13.0,15.0,15.0,14.0,14.0,11.0,14.0,13.0,13.0,11.0
170,4.0,0.0,2.0,1.0,0.0,0.0,0.0,0.0,7.0,10.0,13.0,11.0,16.0,9.0,16.0,13.0,18.0,13.0,11.0,15.0,13.0,13.0,10.0,12.0,13.0,12.0,9.0,12.0
171,4.0,0.0,2.0,1.0,0.0,0.0,0.0,0.0,5.0,14.0,13.0,12.0,14.0,9.0,13.0,15.0,14.0,10.0,13.0,15.0,13.0,11.0,10.0,14.0,13.0,10.0,12.0,16.0
172,4.0,0.0,1.0,1.0,0.0,0.0,0.0,0.0,5.0,15.0,12.0,15.0,13.0,14.0,10.0,13.0,10.0,11.0,16.0,16.0,14.0,6.0,9.0,15.0,12.0,14.0,10.0,13.0
173,4.0,0.0,1.0,1.0,0.0,0.0,0.0,0.0,8.0,17.0,16.0,13.0,13.0,16.0,11.0,12.0,9.0,9.0,16.0,13.0,11.0,10.0,13.0,15.0,12.0,13.0,14.0,14.0
174,4.0,0.0,1.0,1.0,0.0,0.0,0.0,0.0,6.0,15.0,12.0,11.0,8.0,15.0,11.0,13.0,11.0,12.0,13.0,9.0,9.0,11.0,14.0,13.0,13.0,12.0,15.0,11.0
175,4.0,0.0,1.0,0.0,0.0,0.0,0.0,0.0,6.0,10.0,13.0,11.0,9.0,13.0,11.0,13.0,12.0,10.0,12.0,6.0,8.0,15.0,11.0,11.0,11.0,12.0,12.0,11.0
176,3.0,0.0,1.0,0.0,0.0,0.0,0.0,0.0,3.0,10.0,13.0,15.0,9.0,9.0,14.0,15.0,11.0,13.0,12.0,9.0,12.0,14.0,11.0,14.0,13.0,11.0,10.0,11.0
177,3.0,0.0,1.0,0.0,0.0,0.0,0.0,0.0,6.0,11.0,15.0,14.0,8.0,9.0,13.0,16.0,8.0,12.0,12.0,12.0,14.0,10.0,9.0,11.0,11.0,13.0,9.0,12.0
178,3.0,0.0,1.0,0.0,0.0,0.0,0.0,0.0,6.0,13.0,18.0,12.0,11.0,10.0,10.0,13.0,9.0,9.0,13.0,14.0,15.0,8.0,13.0,11.0,13.0,11.0,10.0,10.0
179,3.0,0.0,1.0,0.0,0.0,0.0,0.0,0.0,8.0,15.0,15.0,8.0,13.0,15.0,9.0,11.0,9.0,10.0,11.0,15.0,14.0,8.0,13.0,9.0,14.0,11.0,13.0,10.0
180,3.0,0.0,1.0,0.0,0.0,0.0,0.0,0.0,5.0,15.0,14.0,10.0,16.0,14.0,10.0,9.0,15.0,13.0,10.0,14.0,13.0,11.0,12.0,10.0,11.0,10.0,12.0,9.0
181,3.0,0.0,1.0,0.0,0.0,0.0,0.0,0.0,2.0,15.0,13.0,13.0,18.0,13.0,11.0,12.0,14.0,16.0,9.0,11.0,8.0,12.0,8.0,12.0,10.0,12.0,12.0,11.0
182,3.0,0.0,1.0,0.0,0.0,0.0,0.0,0.0,4.0,14.0,15.0,16.0,14.0,10.0,11.0,11.0,15.0,13.0,12.0,11.0,9.0,12.0,10.0,14.0,8.0,11.0,12.0,10.0
183,3.0,0.0,1.0,0.0,0.0,0.0,0.0,0.0,5.0,14.0,14.0,16.0,13.0,12.0,12.0,12.0,11.0,10.0,12.0,9.0,10.0,10.0,10.0,16.0,13.0,11.0,11.0,13.0
184,3.0,0.0,1.0,0.0,0.0,0.0,0.0,0.0,10.0,13.0,12.0,12.0,10.0,12.0,12.0,13.0,10.0,11.0,12.0,12.0,13.0,9.0,14.0,13.0,9.0,11.0,10.0,12.0
185,3.0,0.0,1.0,0.0,0.0,0.0,0.0,0.0,8.0,14.0,11.0,11.0,11.0,12.0,12.0,14.0,10.0,11.0,12.0,12.0,14.0,9.0,14.0,10.0,10.0,14.0,11.0,9.0
186,3.0,0.0,1.0,0.0,0.0,0.0,0.0,0.0,5.0,13.0,13.0,10.0,7.0,11.0,14.0,15.0,13.0,12.0,13.0,11.0,13.0,12.0,12.0,11.0,8.0,12.0,12.0,8.0
187,3.0,0.0,1.0,0.0,0.0,0.0,0.0,0.0,4.0,14.0,14.0,13.0,11.0,11.0,15.0,12.0,13.0,11.0,14.0,8.0,12.0,10.0,11.0,12.0,7.0,11.0,12.0,8.0
188,3.0,0.0,1.0,0.0,0.0,0.0,0.0,0.0,4.0,15.0,14.0,12.0,12.0,11.0,16.0,10.0,11.0,9.0,12.0,10.0,10.0,9.0,12.0,12.0,10.0,11.0,11.0,11.0
189,3.0,0.0,1.0,0.0,0.0,0.0,0.0,0.0,4.0,10.0,11.0,13.0,13.0,12.0,14.0,9.0,11.0,10.0,13.0,13.0,11.0,12.0,12.0,11.0,9.0,9.0,9.0,13.0
190,3.0,0.0,1.0,0.0,0.0,0.0,0.0,0.0,6.0,10.0,10.0,12.0,15.0,13.0,12.0,9.0,11.0,11.0,12.0,14.0,12.0,11.0,14.0,10.0,9.0,12.0,11.0,11.0
191,3.0,0.0,1.0,0.0,0.0,0.0,0.0,0.0,7.0,10.0,9.0,13.0,16.0,15.0,11.0,11.0,12.0,12.0,13.0,12.0,12.0,10.0,12.0,12.0,10.0,12.0,10.0,11.0
192,3.0,0.0,1.0,0.0,0.0,0.0,0.0,0.0,7.0,13.0,12.0,11.0,16.0,16.0,12.0,13.0,15.0,13.0,11.0,11.0,13.0,8.0,13.0,15.0,11.0,12.0,9.0,9.0
193,3.0,0.0,1.0,0.0,0.0,0.0,0.0,0.0,6.0,13.0,14.0,9.0,14.0,16.0,11.0,13.0,15.0,12.0,8.0,10.0,12.0,9.0,12.0,14.0,13.0,12.0,12.0,9.0
194,3.0,0.0,1.0,0.0,0.0,0.0,0.0,0.0,3.0,15.0,14.0,10.0,12.0,15.0,13.0,13.0,13.0,12.0,9.0,11.0,12.0,12.0,11.0,13.0,10.0,11.0,13.0,11.0
195,3.0,0.0,1.0,0.0,0.0,0.0,0.0,0.0,4.0,15.0,15.0,12.0,9.0,13.0,16.0,13.0,10.0,10.0,9.0,13.0,14.0,15.0,11.0,12.0,11.0,13.0,13.0,10.0
196,3.0,0.0,1.0,0.0,0.0,0.0,0.0,0.0,5.0,14.0,11.0,15.0,11.0,12.0,16.0,14.0,8.0,11.0,12.0,12.0,16.0,13.0,11.0,14.0,15.0,13.0,10.0,9.0
197,3.0,0.0,1.0,0.0,0.0,0.0,0.0,0.0,8.0,15.0,12.0,15.0,12.0,13.0,17.0,14.0,13.0,12.0,12.0,10.0,15.0,11.0,13.0,13.0,14.0,14.0,8.0,10.0
198,3.0,0.0,1.0,0.0,0.0,0.0,0.0,0.0,6.0,15.0,11.0,14.0,15.0,14.0,12.0,12.0,14.0,16.0,14.0,12.0,14.0,11.0,15.0,8.0,12.0,11.0,11.0,10.0
199,3.0,0.0,1.0,0.0,0.0,0.0,0.0,0.0,7.0,17.0,11.0,13.0,15.0,12.0,8.0,10.0,10.0,15.0,14.0,14.0,10.0,13.0,13.0,9.0,10.0,12.0,9.0,11.0
200,3.0,0.0,1.0,0.0,0.0,0.0,0.0,0.0,6.0,17.0,12.0,14.0,16.0,12.0,10.0,11.0,9.0,13.0,12.0,12.0,10.0,14.0,9.0,12.0,12.0,14.0,14.0,12.0
201,3.0,0.0,1.0,0.0,0.0,0.0,0.0,0.0,7.0,14.0,12.0,13.0,15.0,11.0,11.0,13.0,9.0,6.0,11.0,12.0,11.0,13.0,9.0,13.0,11.0,15.0,13.0,13.0
202,3.0,0.0,1.0,0.0,0.0,0.0,0.0,0.0,6.0,16.0,11.0,9.0,15.0,12.0,14.0,14.0,13.0,8.0,10.0,10.0,12.0,7.0,8.0,14.0,11.0,14.0,14.0,11.0
203,3.0,0.0,1.0,0.0,0.0,0.0,0.0,0.0,7.0,14.0,14.0,9.0,13.0,12.0,10.0,13.0,15.0,8.0,13.0,10.0,9.0,8.0,11.0,15.0,11.0,10.0,9.0,10.0
204,3.0,0.0,1.0,0.0,0.0,0.0,0.0,1.0,6.0,15.0,17.0,9.0,11.0,14.0,11.0,11.0,14.0,15.0,10.0,7.0,10.0,11.0,11.0,15.0,12.0,11.0,10.0,10.0
205,3.0,0.0,1.0,0.0,0.0,0.0,0.0,1.0,6.0,14.0,16.0,13.0,9.0,10.0,10.0,11.0,8.0,14.0,10.0,9.0,6.0,11.0,12.0,14.0,8.0,10.0,9.0,10.0
206,3.0,0.0,1.0,0.0,0.0,0.0,0.0,1.0,4.0,11.0,15.0,14.0,9.0,10.0,11.0,11.0,9.0,13.0,10.0,8.0,12.0,14.0,11.0,13.0,11.0,11.0,11.0,12.0
207,3.0,0.0,1.0,0.0,0.0,0.0,0.0,1.0,4.0,12.0,15.0,11.0,10.0,12.0,13.0,9.0,10.0,7.0,8.0,6.0,11.0,11.0,10.0,11.0,11.0,10.0,12.0,10.0
208,3.0,0.0,1.0,0.0,0.0,0.0,0.0,1.0,8.0,10.0,12.0,12.0,12.0,11.0,12.0,13.0,8.0,6.0,9.0,8.0,12.0,11.0,10.0,9.0,10.0,5.0,9.0,10.0
209,3.0,0.0,1.0,0.0,0.0,0.0,0.0,1.0,6.0,10.0,15.0,11.0,14.0,13.0,9.0,13.0,12.0,7.0,9.0,9.0,12.0,12.0,9.0,8.0,14.0,5.0,9.0,8.0
210,3.0,0.0,1.0,0.0,0.0,0.0,0.0,1.0,5.0,11.0,14.0,12.0,15.0,13.0,10.0,12.0,12.0,9.0,10.0,9.0,10.0,11.0,12.0,7.0,14.0,7.0,10.0,6.0
211,3.0,0.0,1.0,0.0,0.0,0.0,0.0,1.0,5.0,11.0,14.0,12.0,10.0,13.0,9.0,13.0,11.0,12.0,14.0,11.0,9.0,14.0,10.0,9.0,12.0,9.0,10.0,9.0
212,3.0,0.0,1.0,0.0,0.0,0.0,0.0,1.0,2.0,12.0,12.0,11.0,11.0,13.0,9.0,10.0,9.0,13.0,16.0,12.0,9.0,14.0,12.0,11.0,13.0,14.0,10.0,10.0
213,3.0,0.0,1.0,0.0,0.0,0.0,0.0,0.0,2.0,13.0,11.0,10.0,4.0,16.0,13.0,10.0,9.0,12.0,16.0,8.0,13.0,14.0,13.0,13.0,11.0,14.0,9.0,11.0
214,3.0,0.0,1.0,0.0,0.0,0.0,0.0,0.0,6.0,14.0,12.0,12.0,9.0,13.0,14.0,9.0,10.0,11.0,12.0,10.0,14.0,13.0,13.0,14.0,13.0,12.0,10.0,15.0
215,3.0,0.0,1.0,0.0,0.0,0.0,0.0,0.0,7.0,13.0,12.0,10.0,11.0,11.0,15.0,12.0,13.0,8.0,10.0,10.0,12.0,11.0,13.0,13.0,14.0,10.0,14.0,15.0
216,3.0,1.0,1.0,0.0,0.0,0.0,0.0,0.0,10.0,12.0,12.0,13.0,16.0,10.0,15.0,13.0,13.0,11.0,8.0,13.0,11.0,13.0,11.0,12.0,11.0,11.0,14.0,13.0
217,3.0,1.0,1.0,0.0,0.0,1.0,1.0,0.0,4.0,11.0,12.0,13.0,15.0,14.0,14.0,14.0,13.0,13.0,12.0,12.0,7.0,14.0,11.0,10.0,13.0,12.0,11.0,11.0
218,3.0,1.0,1.0,0.0,0.0,1.0,0.0,0.0,3.0,9.0,14.0,13.0,12.0,17.0,12.0,12.0,11.0,14.0,12.0,13.0,9.0,13.0,13.0,11.0,10.0,14.0,10.0,10.0
219,3.0,1.0,1.0,0.0,0.0,1.0,0.0,0.0,6.0,12.0,16.0,15.0,13.0,14.0,11.0,9.0,12.0,16.0,14.0,13.0,9.0,15.0,13.0,12.0,14.0,13.0,11.0,13.0
220,3.0,1.0,1.0,0.0,0.0,1.0,0.0,0.0,10.0,10.0,13.0,11.0,11.0,13.0,10.0,10.0,12.0,15.0,14.0,16.0,14.0,15.0,14.0,15.0,13.0,15.0,11.0,12.0
221,3.0,1.0,1.0,0.0,0.0,1.0,0.0,0.0,8.0,14.0,12.0,11.0,13.0,12.0,13.0,11.0,13.0,11.0,13.0,16.0,16.0,14.0,13.0,15.0,14.0,13.0,12.0,13.0
222,3.0,1.0,1.0,0.0,0.0,1.0,0.0,0.0,6.0,17.0,13.0,11.0,11.0,15.0,13.0,10.0,13.0,9.0,15.0,13.0,14.0,12.0,15.0,14.0,12.0,12.0,13.0,10.0
223,3.0,1.0,1.0,0.0,0.0,0.0,0.0,0.0,8.0,14.0,16.0,13.0,11.0,14.0,14.0,9.0,12.0,9.0,16.0,12.0,11.0,12.0,12.0,9.0,11.0,12.0,14.0,11.0
224,3.0,1.0,1.0,0.0,0.0,0.0,0.0,0.0,6.0,13.0,17.0,14.0,13.0,14.0,13.0,9.0,14.0,10.0,11.0,9.0,10.0,14.0,13.0,11.0,10.0,12.0,14.0,14.0
225,3.0,1.0,1.0,0.0,0.0,0.0,0.0,0.0,5.0,17.0,14.0,12.0,14.0,10.0,10.0,15.0,10.0,11.0,8.0,10.0,9.0,11.0,13.0,12.0,12.0,13.0,12.0,14.0
226,3.0,0.0,1.0,0.0,0.0,0.0,0.0,0.0,6.0,15.0,9.0,10.0,15.0,6.0,10.0,12.0,11.0,14.0,7.0,9.0,10.0,9.0,13.0,15.0,12.0,13.0,12.0,12.0
227,3.0,0.0,1.0,0.0,0.0,0.0,0.0,0.0,3.0,14.0,9.0,13.0,12.0,6.0,10.0,10.0,11.0,12.0,11.0,12.0,9.0,10.0,11.0,15.0,11.0,13.0,10.0,11.0
228,3.0,0.0,1.0,0.0,0.0,0.0,0.0,0.0,7.0,11.0,9.0,14.0,11.0,9.0,13.0,10.0,11.0,12.0,13.0,13.0,9.0,9.0,8.0,14.0,13.0,11.0,10.0,12.0
229,3.0,0.0,1.0,0.0,0.0,0.0,0.0,0.0,6.0,10.0,14.0,10.0,12.0,11.0,13.0,7.0,13.0,10.0,15.0,12.0,10.0,11.0,9.0,11.0,13.0,9.0,9.0,13.0
230,3.0,0.0,1.0,0.0,0.0,0.0,0.0,0.0,4.0,10.0,15.0,10.0,10.0,13.0,13.0,7.0,9.0,7.0,13.0,12.0,7.0,11.0,8.0,11.0,9.0,10.0,8.0,13.0
231,3.0,0.0,0.0,0.0,0.0,0.0,0.0,0.0,5.0,14.0,15.0,11.0,13.0,14.0,12.0,10.0,7.0,7.0,11.0,10.0,10.0,12.0,10.0,12.0,10.0,9.0,9.0,10.0
232,3.0,0.0,0.0,0.0,0.0,0.0,0.0,0.0,5.0,17.0,12.0,10.0,13.0,16.0,12.0,10.0,6.0,8.0,9.0,10.0,12.0,12.0,12.0,13.0,12.0,12.0,14.0,12.0
233,3.0,0.0,0.0,0.0,0.0,0.0,0.0,0.0,4.0,17.0,12.0,12.0,12.0,13.0,11.0,11.0,8.0,10.0,8.0,11.0,12.0,13.0,13.0,12.0,12.0,12.0,13.0,13.0
234,3.0,0.0,0.0,0.0,0.0,0.0,0.0,0.0,4.0,17.0,10.0,12.0,10.0,12.0,8.0,11.0,11.0,12.0,9.0,13.0,12.0,10.0,12.0,12.0,15.0,12.0,12.0,13.0
235,3.0,0.0,0.0,0.0,0.0,0.0,0.0,0.0,4.0,14.0,10.0,11.0,10.0,11.0,11.0,8.0,14.0,14.0,11.0,11.0,14.0,10.0,13.0,11.0,13.0,11.0,11.0,16.0
236,3.0,0.0,0.0,0.0,0.0,0.0,0.0,0.0,7.0,10.0,12.0,14.0,9.0,13.0,9.0,8.0,14.0,14.0,13.0,9.0,11.0,10.0,9.0,10.0,13.0,12.0,14.0,16.0
237,3.0,0.0,0.0,0.0,0.0,0.0,0.0,0.0,7.0,13.0,12.0,15.0,10.0,11.0,13.0,11.0,13.0,11.0,15.0,7.0,10.0,11.0,10.0,12.0,9.0,9.0,14.0,7.0
238,3.0,0.0,0.0,0.0,0.0,1.0,0.0,0.0,4.0,14.0,12.0,14.0,13.0,13.0,12.0,14.0,11.0,10.0,14.0,6.0,8.0,14.0,12.0,11.0,4.0,9.0,15.0,6.0
