,w1,w2,w3,w4,w5,w6,w7,w8,w9,w10,w11,w12,w13,w14,w15,w16,w17,w18,w19,w20,w21,w22,w23,w24,w25,w26,w27,w28
0,0.0,0.0,0.0,0.0,0.0,0.0,0.0,0.0,4.0,9.0,15.0,15.0,9.0,9.0,12.0,13.0,9.0,12.0,10.0,12.0,11.0,10.0,11.0,8.0,13.0,9.0,13.0,13.0
1,0.0,0.0,0.0,0.0,0.0,0.0,0.0,0.0,4.0,9.0,15.0,12.0,9.0,10.0,9.0,10.0,14.0,12.0,11.0,11.0,11.0,8.0,13.0,11.0,12.0,10.0,7.0,12.0
2,0.0,0.0,0.0,0.0,0.0,0.0,0.0,0.0,5.0,13.0,16.0,9.0,8.0,11.0,11.0,10.0,18.0,10.0,12.0,9.0,10.0,10.0,13.0,11.0,12.0,10.0,9.0,12.0
3,0.0,0.0,0.0,0.0,0.0,0.0,0.0,0.0,6.0,13.0,13.0,7.0,8.0,12.0,11.0,11.0,15.0,13.0,10.0,10.0,13.0,13.0,13.0,13.0,11.0,10.0,7.0,11.0
4,0.0,0.0,0.0,0.0,0.0,0.0,0.0,0.0,7.0,14.0,12.0,7.0,12.0,12.0,12.0,10.0,12.0,12.0,14.0,13.0,12.0,13.0,9.0,12.0,10.0,12.0,8.0,8.0
5,0.0,0.0,0.0,0.0,0.0,0.0,0.0,0.0,4.0,14.0,12.0,7.0,11.0,9.0,14.0,9.0,11.0,9.0,11.0,10.0,10.0,12.0,6.0,14.0,7.0,9.0,8.0,10.0
6,0.0,0.0,0.0,0.0,0.0,0.0,0.0,0.0,4.0,14.0,11.0,9.0,13.0,10.0,15.0,9.0,10.0,9.0,10.0,8.0,11.0,11.0,6.0,13.0,6.0,7.0,8.0,7.0
7,0.0,0.0,0.0,0.0,0.0,0.0,0.0,0.0,5.0,15.0,9.0,15.0,11.0,11.0,16.0,10.0,9.0,8.0,11.0,11.0,11.0,9.0,7.0,13.0,8.0,8.0,10.0,8.0
8,0.0,0.0,0.0,0.0,0.0,0.0,0.0,0.0,5.0,17.0,11.0,13.0,10.0,10.0,13.0,11.0,11.0,10.0,10.0,11.0,12.0,9.0,9.0,13.0,7.0,10.0,12.0,10.0
9,0.0,0.0,0.0,0.0,0.0,0.0,0.0,0.0,5.0,14.0,12.0,10.0,11.0,10.0,11.0,13.0,11.0,11.0,11.0,10.0,13.0,10.0,14.0,10.0,12.0,10.0,13.0,10.0
10,0.0,0.0,0.0,0.0,0.0,0.0,0.0,0.0,7.0,10.0,11.0,10.0,9.0,11.0,11.0,15.0,11.0,10.0,13.0,8.0,13.0,13.0,13.0,11.0,12.0,12.0,12.0,12.0
11,0.0,0.0,0.0,0.0,0.0,0.0,0.0,0.0,6.0,8.0,11.0,9.0,13.0,8.0,7.0,12.0,10.0,12.0,12.0,9.0,12.0,11.0,14.0,10.0,14.0,11.0,10.0,13.0
12,0.0,0.0,0.0,0.0,0.0,0.0,0.0,0.0,5.0,9.0,14.0,10.0,15.0,9.0,9.0,10.0,10.0,12.0,12.0,9.0,9.0,11.0,13.0,11.0,16.0,10.0,8.0,11.0
13,0.0,0.0,0.0,0.0,0.0,0.0,0.0,0.0,7.0,11.0,9.0,13.0,12.0,11.0,11.0,11.0,9.0,12.0,11.0,10.0,8.0,11.0,11.0,12.0,13.0,13.0,10.0,12.0
14,0.0,0.0,0.0,0.0,0.0,0.0,0.0,0.0,5.0,14.0,11.0,13.0,13.0,10.0,10.0,8.0,10.0,14.0,8.0,11.0,10.0,12.0,9.0,11.0,10.0,11.0,11.0,8.0
15,0.0,0.0,0.0,0.0,0.0,0.0,0.0,0.0,5.0,13.0,14.0,13.0,11.0,10.0,15.0,8.0,9.0,13.0,8.0,12.0,14.0,14.0,10.0,11.0,10.0,12.0,8.0,9.0
16,0.0,0.0,0.0,0.0,0.0,0.0,0.0,0.0,7.0,11.0,11.0,10.0,8.0,9.0,13.0,10.0,11.0,9.0,9.0,10.0,13.0,13.0,10.0,10.0,8.0,13.0,11.0,10.0
17,0.0,0.0,0.0,0.0,0.0,0.0,0.0,0.0,3.0,13.0,14.0,10.0,11.0,10.0,13.0,12.0,14.0,10.0,10.0,9.0,10.0,12.0,15.0,12.0,10.0,8.0,9.0,13.0
18,0.0,0.0,0.0,0.0,0.0,0.0,0.0,0.0,4.0,10.0,10.0,10.0,11.0,12.0,12.0,11.0,13.0,8.0,10.0,11.0,12.0,8.0,15.0,12.0,10.0,6.0,9.0,13.0
19,0.0,0.0,0.0,0.0,0.0,0.0,0.0,0.0,5.0,12.0,8.0,11.0,15.0,13.0,13.0,14.0,11.0,9.0,13.0,11.0,10.0,9.0,12.0,13.0,9.0,7.0,12.0,12.0
20,0.0,0.0,0.0,0.0,0.0,0.0,0.0,0.0,3.0,13.0,11.0,14.0,14.0,13.0,13.0,13.0,11.0,14.0,13.0,12.0,13.0,10.0,11.0,12.0,11.0,7.0,12.0,10.0
21,0.0,0.0,0.0,0.0,0.0,0.0,0.0,0.0,6.0,11.0,15.0,13.0,11.0,13.0,10.0,14.0,8.0,14.0,12.0,14.0,13.0,11.0,9.0,9.0,10.0,11.0,11.0,8.0
22,0.0,0.0,0.0,0.0,0.0,0.0,0.0,0.0,5.0,13.0,16.0,12.0,10.0,13.0,10.0,15.0,5.0,16.0,10.0,14.0,12.0,12.0,9.0,7.0,11.0,12.0,12.0,11.0
23,0.0,0.0,0.0,0.0,0.0,0.0,0.0,0.0,6.0,13.0,16.0,13.0,11.0,10.0,12.0,14.0,9.0,14.0,12.0,12.0,14.0,10.0,13.0,10.0,13.0,14.0,12.0,12.0
24,0.0,0.0,0.0,0.0,0.0,0.0,0.0,0.0,7.0,13.0,11.0,14.0,15.0,13.0,16.0,11.0,12.0,14.0,11.0,12.0,15.0,10.0,13.0,13.0,12.0,14.0,13.0,14.0
25,0.0,0.0,0.0,0.0,0.0,0.0,0.0,0.0,5.0,14.0,12.0,12.0,14.0,12.0,18.0,11.0,16.0,11.0,8.0,9.0,14.0,11.0,12.0,16.0,10.0,15.0,13.0,14.0
26,0.0,0.0,0.0,0.0,0.0,0.0,0.0,0.0,7.0,15.0,13.0,13.0,15.0,14.0,15.0,12.0,16.0,12.0,10.0,12.0,13.0,13.0,13.0,14.0,9.0,14.0,16.0,12.0
27,0.0,0.0,0.0,0.0,0.0,0.0,0.0,0.0,7.0,14.0,17.0,12.0,14.0,12.0,12.0,11.0,14.0,9.0,12.0,13.0,12.0,14.0,14.0,13.0,12.0,7.0,16.0,12.0
28,0.0,0.0,0.0,0.0,0.0,0.0,0.0,0.0,8.0,12.0,15.0,13.0,13.0,13.0,12.0,11.0,14.0,13.0,15.0,13.0,13.0,13.0,13.0,14.0,15.0,8.0,12.0,14.0
29,0.0,0.0,0.0,0.0,0.0,0.0,0.0,0.0,8.0,12.0,13.0,13.0,12.0,14.0,14.0,12.0,14.0,15.0,11.0,13.0,11.0,13.0,13.0,13.0,14.0,13.0,9.0,15.0
30,0.0,0.0,0.0,0.0,0.0,0.0,0.0,0.0,6.0,12.0,10.0,13.0,13.0,10.0,15.0,16.0,11.0,15.0,10.0,11.0,11.0,13.0,13.0,15.0,16.0,13.0,8.0,10.0
31,0.0,0.0,0.0,0.0,0.0,0.0,0.0,0.0,6.0,14.0,13.0,11.0,13.0,10.0,14.0,14.0,9.0,14.0,10.0,13.0,10.0,14.0,15.0,15.0,14.0,13.0,10.0,8.0
32,0.0,0.0,0.0,0.0,0.0,0.0,0.0,0.0,10.0,16.0,16.0,13.0,14.0,12.0,14.0,12.0,9.0,12.0,14.0,13.0,13.0,14.0,15.0,15.0,12.0,12.0,13.0,5.0
33,0.0,0.0,0.0,0.0,0.0,0.0,0.0,0.0,8.0,16.0,15.0,13.0,16.0,14.0,11.0,12.0,12.0,11.0,15.0,14.0,15.0,16.0,11.0,12.0,9.0,12.0,13.0,11.0
34,0.0,0.0,0.0,0.0,0.0,0.0,0.0,0.0,5.0,14.0,12.0,12.0,14.0,13.0,11.0,14.0,13.0,11.0,10.0,14.0,15.0,14.0,10.0,14.0,10.0,10.0,12.0,11.0
35,0.0,0.0,0.0,0.0,0.0,0.0,0.0,0.0,3.0,14.0,11.0,14.0,11.0,13.0,13.0,15.0,15.0,10.0,6.0,13.0,17.0,13.0,11.0,12.0,12.0,11.0,8.0,16.0
36,0.0,0.0,0.0,0.0,0.0,0.0,0.0,0.0,5.0,14.0,10.0,13.0,9.0,13.0,16.0,12.0,14.0,13.0,7.0,15.0,15.0,13.0,13.0,15.0,15.0,12.0,8.0,13.0
37,0.0,0.0,0.0,0.0,0.0,0.0,0.0,0.0,9.0,12.0,13.0,14.0,12.0,13.0,15.0,10.0,12.0,12.0,13.0,11.0,11.0,12.0,14.0,16.0,12.0,14.0,12.0,9.0
38,0.0,0.0,0.0,0.0,0.0,0.0,0.0,0.0,9.0,10.0,10.0,12.0,10.0,13.0,12.0,12.0,12.0,11.0,15.0,10.0,9.0,13.0,14.0,14.0,11.0,13.0,15.0,6.0
39,0.0,0.0,0.0,0.0,0.0,0.0,0.0,0.0,5.0,11.0,14.0,12.0,12.0,13.0,12.0,12.0,13.0,10.0,16.0,9.0,7.0,9.0,14.0,13.0,9.0,10.0,15.0,10.0
40,0.0,0.0,0.0,0.0,0.0,0.0,0.0,0.0,5.0,14.0,11.0,11.0,12.0,14.0,12.0,10.0,14.0,11.0,13.0,10.0,11.0,12.0,10.0,11.0,11.0,10.0,13.0,13.0
41,0.0,0.0,0.0,0.0,0.0,0.0,0.0,0.0,6.0,14.0,13.0,14.0,14.0,14.0,13.0,11.0,14.0,16.0,12.0,12.0,12.0,13.0,11.0,12.0,12.0,10.0,11.0,14.0
42,0.0,0.0,0.0,0.0,0.0,0.0,0.0,0.0,10.0,14.0,14.0,15.0,14.0,14.0,14.0,13.0,13.0,15.0,8.0,14.0,12.0,13.0,11.0,12.0,13.0,11.0,11.0,13.0
43,0.0,0.0,0.0,0.0,0.0,0.0,0.0,0.0,8.0,17.0,19.0,16.0,13.0,14.0,13.0,13.0,12.0,10.0,10.0,12.0,11.0,9.0,16.0,11.0,12.0,13.0,12.0,14.0
44,0.0,0.0,0.0,0.0,0.0,0.0,0.0,0.0,7.0,15.0,14.0,13.0,14.0,14.0,12.0,12.0,13.0,12.0,12.0,11.0,9.0,12.0,14.0,12.0,12.0,13.0,12.0,13.0
45,0.0,0.0,0.0,0.0,0.0,0.0,0.0,0.0,7.0,10.0,11.0,11.0,14.0,17.0,14.0,12.0,12.0,13.0,11.0,12.0,11.0,13.0,12.0,12.0,12.0,14.0,14.0,14.0
46,0.0,0.0,0.0,0.0,0.0,0.0,0.0,0.0,8.0,10.0,8.0,14.0,14.0,16.0,16.0,13.0,12.0,15.0,9.0,15.0,10.0,13.0,11.0,12.0,13.0,13.0,12.0,13.0
47,0.0,0.0,0.0,0.0,0.0,0.0,0.0,0.0,7.0,14.0,13.0,13.0,13.0,14.0,14.0,12.0,12.0,13.0,10.0,13.0,13.0,9.0,13.0,15.0,12.0,11.0,13.0,12.0
48,0.0,0.0,0.0,0.0,0.0,0.0,0.0,0.0,7.0,18.0,17.0,16.0,16.0,11.0,13.0,13.0,13.0,13.0,12.0,14.0,14.0,9.0,13.0,15.0,11.0,13.0,12.0,11.0
49,0.0,0.0,0.0,0.0,0.0,0.0,0.0,0.0,7.0,16.0,15.0,15.0,15.0,13.0,12.0,13.0,13.0,11.0,13.0,13.0,12.0,12.0,11.0,12.0,11.0,12.0,13.0,13.0
50,0.0,0.0,0.0,0.0,0.0,0.0,0.0,0.0,7.0,17.0,14.0,10.0,10.0,12.0,11.0,15.0,14.0,12.0,10.0,11.0,11.0,12.0,13.0,11.0,12.0,10.0,14.0,13.0
51,0.0,0.0,0.0,0.0,0.0,0.0,0.0,0.0,9.0,13.0,11.0,9.0,9.0,15.0,12.0,12.0,11.0,10.0,8.0,11.0,11.0,13.0,14.0,14.0,16.0,10.0,14.0,10.0
52,0.0,0.0,0.0,0.0,0.0,0.0,0.0,0.0,9.0,11.0,13.0,10.0,11.0,14.0,12.0,11.0,11.0,12.0,9.0,10.0,14.0,14.0,15.0,13.0,15.0,12.0,13.0,9.0
53,0.0,0.0,0.0,0.0,0.0,0.0,0.0,0.0,7.0,10.0,13.0,10.0,15.0,11.0,13.0,8.0,10.0,12.0,12.0,12.0,11.0,13.0,11.0,12.0,13.0,15.0,10.0,14.0
54,0.0,0.0,0.0,0.0,0.0,0.0,0.0,0.0,6.0,12.0,14.0,12.0,13.0,9.0,13.0,11.0,12.0,13.0,13.0,12.0,15.0,14.0,10.0,12.0,11.0,15.0,11.0,14.0
55,0.0,0.0,0.0,0.0,0.0,0.0,0.0,0.0,5.0,15.0,14.0,13.0,10.0,11.0,14.0,11.0,11.0,12.0,13.0,11.0,13.0,11.0,10.0,14.0,10.0,12.0,12.0,15.0
56,0.0,0.0,0.0,0.0,0.0,0.0,0.0,0.0,6.0,13.0,15.0,10.0,10.0,10.0,13.0,13.0,9.0,15.0,11.0,9.0,14.0,13.0,9.0,13.0,11.0,9.0,8.0,14.0
57,0.0,0.0,0.0,0.0,0.0,0.0,0.0,0.0,7.0,13.0,12.0,12.0,11.0,11.0,12.0,13.0,8.0,14.0,12.0,11.0,13.0,11.0,11.0,8.0,12.0,10.0,9.0,9.0
58,0.0,0.0,0.0,0.0,0.0,0.0,0.0,0.0,8.0,11.0,13.0,11.0,10.0,10.0,14.0,12.0,9.0,8.0,13.0,11.0,10.0,12.0,12.0,8.0,13.0,10.0,9.0,10.0
59,1.0,0.0,0.0,0.0,0.0,0.0,0.0,0.0,6.0,11.0,12.0,12.0,12.0,12.0,12.0,13.0,11.0,6.0,13.0,14.0,8.0,12.0,13.0,6.0,12.0,11.0,9.0,9.0
60,1.0,0.0,0.0,0.0,0.0,0.0,0.0,0.0,6.0,11.0,11.0,12.0,7.0,10.0,11.0,14.0,12.0,7.0,15.0,10.0,9.0,9.0,12.0,11.0,9.0,12.0,12.0,9.0
61,1.0,0.0,0.0,0.0,0.0,0.0,0.0,0.0,4.0,12.0,11.0,11.0,5.0,10.0,11.0,13.0,13.0,7.0,13.0,9.0,9.0,9.0,10.0,12.0,10.0,11.0,13.0,11.0
62,1.0,0.0,0.0,0.0,0.0,0.0,0.0,0.0,6.0,13.0,12.0,12.0,8.0,13.0,11.0,11.0,12.0,14.0,13.0,10.0,10.0,10.0,8.0,12.0,9.0,12.0,12.0,8.0
63,1.0,0.0,0.0,0.0,0.0,0.0,0.0,0.0,8.0,16.0,11.0,12.0,8.0,11.0,15.0,7.0,11.0,16.0,13.0,13.0,12.0,11.0,9.0,11.0,11.0,13.0,9.0,8.0
64,1.0,0.0,0.0,0.0,0.0,0.0,0.0,0.0,6.0,16.0,11.0,15.0,16.0,14.0,16.0,9.0,8.0,14.0,13.0,13.0,10.0,13.0,10.0,12.0,13.0,12.0,11.0,11.0
65,1.0,0.0,0.0,0.0,0.0,0.0,0.0,0.0,4.0,14.0,15.0,13.0,13.0,11.0,14.0,11.0,6.0,15.0,11.0,11.0,11.0,13.0,13.0,10.0,12.0,11.0,11.0,11.0
66,1.0,0.0,0.0,0.0,0.0,0.0,0.0,0.0,4.0,12.0,13.0,11.0,15.0,13.0,14.0,15.0,8.0,14.0,12.0,11.0,10.0,10.0,10.0,10.0,11.0,12.0,12.0,12.0
67,1.0,0.0,0.0,0.0,0.0,0.0,0.0,0.0,6.0,13.0,10.0,12.0,12.0,14.0,13.0,15.0,8.0,13.0,14.0,9.0,11.0,10.0,10.0,8.0,10.0,8.0,13.0,12.0
68,1.0,0.0,0.0,0.0,0.0,0.0,0.0,0.0,9.0,12.0,11.0,12.0,9.0,12.0,9.0,12.0,12.0,11.0,12.0,12.0,10.0,11.0,9.0,11.0,10.0,11.0,12.0,13.0
69,1.0,0.0,0.0,0.0,0.0,0.0,0.0,0.0,8.0,12.0,14.0,14.0,11.0,10.0,7.0,11.0,15.0,7.0,9.0,11.0,12.0,13.0,13.0,12.0,12.0,10.0,14.0,14.0
70,1.0,0.0,0.0,0.0,0.0,0.0,0.0,0.0,7.0,13.0,17.0,14.0,9.0,12.0,11.0,11.0,14.0,10.0,8.0,12.0,12.0,11.0,13.0,11.0,10.0,13.0,13.0,11.0
71,1.0,0.0,0.0,0.0,0.0,0.0,0.0,0.0,3.0,12.0,15.0,14.0,12.0,11.0,15.0,12.0,15.0,9.0,11.0,13.0,12.0,11.0,9.0,11.0,12.0,12.0,11.0,12.0
72,1.0,0.0,0.0,0.0,0.0,0.0,0.0,0.0,5.0,13.0,10.0,12.0,12.0,12.0,16.0,12.0,10.0,11.0,13.0,12.0,10.0,10.0,9.0,11.0,13.0,14.0,9.0,12.0
73,1.0,0.0,0.0,0.0,0.0,0.0,0.0,0.0,3.0,11.0,11.0,15.0,14.0,12.0,16.0,8.0,8.0,13.0,15.0,14.0,8.0,11.0,10.0,14.0,14.0,11.0,10.0,14.0
74,1.0,0.0,0.0,0.0,0.0,0.0,0.0,0.0,4.0,11.0,13.0,12.0,13.0,13.0,14.0,7.0,6.0,13.0,12.0,14.0,9.0,10.0,13.0,14.0,15.0,9.0,10.0,13.0
75,1.0,0.0,0.0,0.0,0.0,0.0,0.0,0.0,7.0,12.0,16.0,11.0,13.0,12.0,15.0,7.0,12.0,14.0,11.0,13.0,11.0,8.0,14.0,15.0,14.0,8.0,12.0,9.0
76,1.0,0.0,0.0,0.0,0.0,0.0,0.0,0.0,8.0,14.0,14.0,10.0,12.0,12.0,14.0,12.0,14.0,10.0,11.0,12.0,14.0,10.0,13.0,15.0,13.0,13.0,12.0,10.0
77,1.0,0.0,0.0,2.0,0.0,1.0,1.0,1.0,5.0,14.0,12.0,13.0,12.0,10.0,12.0,13.0,14.0,13.0,13.0,10.0,14.0,10.0,12.0,14.0,8.0,16.0,14.0,12.0
78,1.0,1.0,0.0,2.0,0.0,1.0,1.0,1.0,6.0,12.0,12.0,12.0,11.0,11.0,11.0,14.0,14.0,11.0,12.0,10.0,12.0,12.0,12.0,14.0,9.0,15.0,14.0,14.0
79,1.0,2.0,1.0,3.0,0.0,1.0,1.0,2.0,8.0,13.0,12.0,11.0,12.0,14.0,11.0,12.0,9.0,13.0,9.0,12.0,10.0,12.0,12.0,12.0,11.0,10.0,17.0,14.0
80,1.0,2.0,1.0,4.0,1.0,1.0,2.0,3.0,11.0,13.0,12.0,11.0,15.0,19.0,14.0,13.0,9.0,11.0,8.0,16.0,9.0,10.0,12.0,10.0,16.0,12.0,13.0,13.0
81,2.0,3.0,1.0,4.0,0.0,0.0,3.0,2.0,7.0,14.0,12.0,12.0,15.0,12.0,14.0,15.0,10.0,13.0,8.0,16.0,12.0,11.0,11.0,10.0,13.0,13.0,11.0,13.0
82,3.0,4.0,1.0,4.0,2.0,0.0,4.0,2.0,4.0,15.0,13.0,13.0,14.0,12.0,18.0,14.0,12.0,11.0,9.0,12.0,12.0,9.0,12.0,11.0,12.0,16.0,11.0,10.0
83,4.0,4.0,1.0,5.0,6.0,1.0,5.0,2.0,3.0,16.0,13.0,12.0,12.0,12.0,16.0,14.0,13.0,11.0,10.0,9.0,15.0,11.0,13.0,13.0,9.0,15.0,13.0,11.0
84,4.0,5.0,3.0,5.0,6.0,3.0,4.0,2.0,5.0,12.0,14.0,10.0,9.0,16.0,11.0,11.0,11.0,11.0,13.0,10.0,13.0,12.0,14.0,15.0,12.0,9.0,14.0,11.0
85,4.0,5.0,5.0,5.0,5.0,3.0,6.0,4.0,8.0,13.0,14.0,11.0,12.0,16.0,8.0,12.0,10.0,14.0,14.0,9.0,13.0,13.0,14.0,15.0,12.0,10.0,13.0,11.0
86,4.0,6.0,6.0,5.0,4.0,6.0,7.0,5.0,9.0,13.0,15.0,13.0,13.0,12.0,11.0,11.0,8.0,16.0,12.0,12.0,16.0,15.0,12.0,14.0,14.0,11.0,11.0,11.0
87,5.0,6.0,8.0,7.0,5.0,7.0,7.0,5.0,4.0,14.0,12.0,16.0,13.0,9.0,12.0,11.0,13.0,14.0,11.0,13.0,14.0,14.0,13.0,14.0,13.0,16.0,13.0,10.0
88,7.0,7.0,8.0,7.0,4.0,6.0,7.0,6.0,4.0,14.0,12.0,11.0,13.0,9.0,16.0,12.0,14.0,12.0,10.0,16.0,12.0,14.0,14.0,11.0,11.0,14.0,15.0,12.0
89,9.0,9.0,10.0,8.0,5.0,7.0,11.0,7.0,4.0,16.0,12.0,9.0,14.0,13.0,13.0,15.0,12.0,13.0,13.0,15.0,7.0,12.0,15.0,13.0,9.0,13.0,15.0,13.0
90,9.0,9.0,11.0,9.0,4.0,7.0,12.0,7.0,8.0,15.0,15.0,10.0,14.0,15.0,12.0,12.0,8.0,16.0,15.0,12.0,10.0,11.0,13.0,13.0,11.0,12.0,13.0,14.0
91,9.0,11.0,13.0,10.0,2.0,12.0,10.0,6.0,9.0,15.0,14.0,14.0,14.0,17.0,14.0,12.0,10.0,17.0,13.0,11.0,13.0,13.0,9.0,13.0,11.0,13.0,9.0,13.0
92,10.0,13.0,14.0,12.0,5.0,11.0,11.0,7.0,7.0,15.0,13.0,16.0,13.0,12.0,12.0,14.0,13.0,17.0,10.0,12.0,14.0,11.0,8.0,11.0,14.0,16.0,9.0,15.0
93,12.0,13.0,14.0,11.0,6.0,13.0,11.0,9.0,2.0,13.0,14.0,14.0,12.0,12.0,11.0,15.0,15.0,16.0,13.0,12.0,12.0,12.0,10.0,11.0,12.0,15.0,13.0,13.0
94,13.0,14.0,15.0,12.0,9.0,15.0,11.0,9.0,4.0,7.0,16.0,11.0,10.0,10.0,11.0,12.0,14.0,16.0,12.0,13.0,13.0,13.0,13.0,11.0,10.0,11.0,15.0,11.0
95,13.0,15.0,15.0,13.0,9.0,13.0,7.0,10.0,4.0,7.0,18.0,7.0,10.0,15.0,8.0,12.0,13.0,11.0,16.0,12.0,10.0,10.0,15.0,11.0,8.0,11.0,14.0,11.0
96,13.0,14.0,15.0,12.0,8.0,12.0,5.0,11.0,8.0,9.0,15.0,9.0,10.0,13.0,8.0,12.0,13.0,12.0,13.0,10.0,11.0,8.0,13.0,12.0,10.0,9.0,12.0,11.0
97,13.0,15.0,15.0,12.0,8.0,9.0,3.0,9.0,5.0,15.0,16.0,10.0,10.0,15.0,8.0,12.0,12.0,12.0,10.0,8.0,8.0,9.0,11.0,12.0,13.0,12.0,9.0,13.0
98,12.0,16.0,15.0,11.0,7.0,6.0,3.0,10.0,3.0,13.0,14.0,13.0,12.0,13.0,14.0,12.0,11.0,13.0,10.0,6.0,13.0,15.0,13.0,12.0,13.0,11.0,10.0,12.0
99,15.0,16.0,16.0,11.0,10.0,6.0,4.0,10.0,3.0,8.0,13.0,14.0,13.0,11.0,16.0,8.0,10.0,12.0,8.0,9.0,10.0,12.0,11.0,13.0,13.0,13.0,8.0,9.0
100,15.0,15.0,16.0,12.0,12.0,7.0,5.0,11.0,3.0,6.0,11.0,13.0,12.0,13.0,11.0,9.0,10.0,10.0,12.0,12.0,10.0,9.0,12.0,10.0,10.0,12.0,9.0,8.0
101,13.0,14.0,16.0,12.0,11.0,8.0,6.0,10.0,6.0,7.0,9.0,12.0,11.0,12.0,11.0,11.0,11.0,11.0,12.0,13.0,9.0,7.0,12.0,12.0,10.0,14.0,8.0,6.0
102,13.0,13.0,16.0,12.0,12.0,6.0,3.0,6.0,9.0,7.0,10.0,12.0,9.0,13.0,12.0,9.0,9.0,12.0,10.0,15.0,6.0,7.0,9.0,13.0,7.0,14.0,9.0,9.0
103,12.0,13.0,17.0,12.0,10.0,4.0,3.0,5.0,6.0,13.0,11.0,11.0,6.0,13.0,7.0,8.0,11.0,12.0,8.0,13.0,9.0,9.0,11.0,11.0,8.0,12.0,9.0,9.0
104,12.0,14.0,17.0,15.0,11.0,4.0,4.0,5.0,7.0,12.0,10.0,9.0,7.0,8.0,9.0,9.0,12.0,13.0,9.0,9.0,10.0,12.0,11.0,13.0,8.0,10.0,9.0,11.0
105,12.0,13.0,16.0,16.0,10.0,3.0,4.0,4.0,5.0,11.0,13.0,9.0,9.0,8.0,10.0,8.0,11.0,10.0,13.0,8.0,12.0,13.0,12.0,8.0,8.0,10.0,13.0,13.0
106,12.0,14.0,16.0,16.0,11.0,4.0,3.0,5.0,4.0,14.0,14.0,9.0,10.0,10.0,8.0,12.0,12.0,7.0,12.0,6.0,14.0,11.0,14.0,4.0,11.0,12.0,12.0,11.0
107,12.0,14.0,14.0,16.0,11.0,4.0,6.0,5.0,5.0,12.0,13.0,8.0,11.0,11.0,10.0,12.0,9.0,6.0,11.0,8.0,14.0,10.0,13.0,6.0,9.0,13.0,12.0,10.0
108,11.0,15.0,13.0,17.0,9.0,5.0,6.0,2.0,7.0,12.0,10.0,10.0,12.0,14.0,12.0,12.0,9.0,6.0,10.0,12.0,14.0,9.0,9.0,7.0,9.0,11.0,10.0,9.0
109,11.0,15.0,12.0,16.0,7.0,5.0,3.0,2.0,9.0,12.0,10.0,10.0,12.0,13.0,11.0,11.0,9.0,9.0,6.0,13.0,10.0,9.0,6.0,13.0,8.0,11.0,9.0,8.0
110,11.0,14.0,12.0,16.0,5.0,3.0,2.0,2.0,6.0,10.0,7.0,11.0,12.0,11.0,11.0,11.0,11.0,13.0,8.0,15.0,12.0,8.0,5.0,16.0,8.0,9.0,9.0,9.0
111,12.0,14.0,11.0,16.0,4.0,2.0,3.0,4.0,1.0,11.0,9.0,11.0,12.0,8.0,11.0,9.0,13.0,12.0,10.0,13.0,11.0,10.0,4.0,13.0,10.0,8.0,11.0,11.0
112,12.0,14.0,10.0,14.0,1.0,2.0,3.0,3.0,0.0,12.0,12.0,10.0,10.0,7.0,12.0,9.0,14.0,8.0,11.0,10.0,10.0,10.0,6.0,11.0,8.0,11.0,14.0,13.0
113,12.0,12.0,8.0,14.0,1.0,2.0,4.0,2.0,2.0,10.0,13.0,10.0,11.0,8.0,13.0,3.0,12.0,8.0,14.0,10.0,13.0,10.0,12.0,8.0,10.0,12.0,13.0,13.0
114,11.0,13.0,8.0,14.0,1.0,1.0,4.0,1.0,6.0,12.0,12.0,12.0,15.0,10.0,11.0,5.0,12.0,7.0,14.0,11.0,13.0,10.0,13.0,8.0,10.0,13.0,15.0,14.0
115,10.0,12.0,8.0,14.0,1.0,1.0,3.0,1.0,9.0,13.0,12.0,12.0,13.0,13.0,10.0,9.0,9.0,10.0,10.0,12.0,14.0,10.0,11.0,10.0,12.0,14.0,15.0,13.0
116,11.0,10.0,7.0,13.0,1.0,2.0,3.0,1.0,8.0,8.0,13.0,12.0,13.0,14.0,11.0,9.0,11.0,13.0,11.0,9.0,10.0,8.0,13.0,10.0,10.0,12.0,12.0,12.0
117,11.0,10.0,7.0,12.0,2.0,2.0,3.0,1.0,5.0,13.0,12.0,11.0,10.0,14.0,8.0,12.0,12.0,12.0,11.0,11.0,9.0,10.0,11.0,12.0,9.0,9.0,13.0,11.0
118,11.0,10.0,6.0,12.0,2.0,2.0,3.0,2.0,4.0,13.0,14.0,12.0,10.0,14.0,13.0,11.0,17.0,9.0,12.0,12.0,8.0,13.0,12.0,14.0,8.0,8.0,11.0,11.0
119,11.0,10.0,6.0,12.0,2.0,2.0,3.0,2.0,6.0,16.0,14.0,12.0,12.0,11.0,13.0,10.0,12.0,11.0,13.0,14.0,11.0,14.0,14.0,10.0,9.0,5.0,10.0,12.0
120,11.0,10.0,5.0,11.0,2.0,1.0,2.0,2.0,8.0,16.0,13.0,13.0,12.0,9.0,12.0,11.0,9.0,11.0,14.0,15.0,14.0,13.0,15.0,12.0,8.0,7.0,12.0,12.0
121,12.0,11.0,5.0,10.0,2.0,1.0,2.0,2.0,7.0,13.0,9.0,13.0,12.0,10.0,13.0,14.0,7.0,12.0,14.0,11.0,14.0,13.0,13.0,10.0,11.0,10.0,12.0,12.0
122,11.0,11.0,4.0,10.0,2.0,0.0,2.0,2.0,5.0,11.0,12.0,13.0,12.0,13.0,10.0,13.0,7.0,10.0,9.0,8.0,9.0,11.0,9.0,13.0,12.0,15.0,14.0,11.0
123,11.0,11.0,3.0,9.0,2.0,0.0,3.0,1.0,4.0,12.0,12.0,15.0,11.0,13.0,14.0,13.0,15.0,14.0,10.0,7.0,10.0,10.0,9.0,12.0,15.0,15.0,16.0,14.0
124,11.0,11.0,3.0,8.0,1.0,0.0,2.0,1.0,6.0,14.0,17.0,13.0,12.0,12.0,16.0,13.0,13.0,12.0,12.0,9.0,10.0,11.0,10.0,13.0,11.0,10.0,10.0,15.0
125,10.0,11.0,3.0,8.0,0.0,1.0,1.0,1.0,8.0,15.0,17.0,11.0,13.0,11.0,15.0,12.0,10.0,11.0,16.0,9.0,13.0,13.0,12.0,11.0,8.0,10.0,8.0,14.0
126,9.0,11.0,3.0,8.0,0.0,1.0,1.0,0.0,11.0,13.0,16.0,11.0,15.0,11.0,13.0,13.0,11.0,10.0,16.0,13.0,14.0,15.0,13.0,10.0,8.0,10.0,7.0,11.0
127,9.0,9.0,3.0,7.0,0.0,0.0,1.0,0.0,9.0,14.0,12.0,13.0,14.0,11.0,12.0,13.0,12.0,11.0,14.0,15.0,12.0,14.0,12.0,10.0,8.0,15.0,12.0,11.0
128,8.0,8.0,3.0,7.0,0.0,0.0,0.0,0.0,6.0,13.0,12.0,15.0,12.0,12.0,11.0,14.0,16.0,13.0,12.0,13.0,12.0,10.0,11.0,11.0,13.0,14.0,16.0,14.0
129,7.0,8.0,4.0,7.0,0.0,0.0,0.0,0.0,8.0,13.0,13.0,15.0,11.0,14.0,13.0,13.0,14.0,15.0,10.0,11.0,12.0,8.0,13.0,12.0,11.0,12.0,17.0,16.0
130,7.0,7.0,4.0,7.0,0.0,0.0,0.0,0.0,7.0,14.0,15.0,14.0,14.0,13.0,13.0,13.0,11.0,14.0,10.0,12.0,12.0,11.0,15.0,11.0,10.0,9.0,14.0,15.0
131,7.0,7.0,4.0,7.0,0.0,0.0,0.0,0.0,8.0,16.0,17.0,13.0,13.0,12.0,14.0,11.0,7.0,14.0,11.0,13.0,10.0,14.0,15.0,10.0,9.0,10.0,12.0,14.0
132,7.0,7.0,4.0,7.0,0.0,0.0,0.0,0.0,3.0,16.0,15.0,13.0,11.0,13.0,13.0,14.0,10.0,13.0,9.0,10.0,11.0,14.0,14.0,14.0,12.0,12.0,12.0,13.0
133,7.0,7.0,4.0,6.0,0.0,0.0,0.0,0.0,4.0,13.0,10.0,14.0,10.0,16.0,12.0,14.0,11.0,14.0,12.0,11.0,11.0,9.0,11.0,12.0,13.0,12.0,13.0,14.0
134,7.0,7.0,4.0,6.0,0.0,0.0,0.0,0.0,3.0,14.0,10.0,14.0,9.0,16.0,14.0,15.0,15.0,13.0,13.0,10.0,12.0,10.0,10.0,12.0,11.0,12.0,12.0,14.0
135,7.0,7.0,4.0,6.0,0.0,0.0,0.0,0.0,8.0,15.0,11.0,11.0,13.0,12.0,15.0,14.0,14.0,12.0,17.0,9.0,14.0,12.0,9.0,9.0,11.0,12.0,10.0,14.0
136,6.0,5.0,4.0,6.0,0.0,0.0,1.0,0.0,8.0,12.0,14.0,9.0,12.0,12.0,15.0,12.0,9.0,12.0,15.0,11.0,14.0,17.0,11.0,10.0,11.0,11.0,9.0,14.0
137,7.0,5.0,4.0,5.0,0.0,0.0,1.0,0.0,6.0,10.0,14.0,3.0,15.0,14.0,12.0,12.0,9.0,10.0,10.0,13.0,12.0,15.0,12.0,12.0,15.0,10.0,11.0,12.0
138,6.0,5.0,5.0,5.0,0.0,0.0,1.0,0.0,7.0,10.0,12.0,9.0,12.0,16.0,9.0,11.0,7.0,11.0,10.0,13.0,13.0,15.0,14.0,13.0,14.0,9.0,11.0,12.0
139,6.0,5.0,5.0,5.0,0.0,0.0,1.0,0.0,7.0,15.0,11.0,10.0,9.0,16.0,11.0,12.0,10.0,11.0,9.0,10.0,11.0,13.0,9.0,12.0,13.0,10.0,13.0,8.0
140,6.0,5.0,5.0,5.0,0.0,0.0,1.0,0.0,7.0,17.0,11.0,14.0,7.0,15.0,12.0,14.0,13.0,12.0,10.0,11.0,12.0,8.0,8.0,10.0,11.0,12.0,11.0,7.0
141,6.0,4.0,4.0,4.0,0.0,0.0,0.0,0.0,7.0,16.0,9.0,15.0,9.0,9.0,14.0,11.0,13.0,11.0,13.0,10.0,8.0,8.0,8.0,10.0,11.0,12.0,10.0,8.0
142,6.0,3.0,3.0,4.0,0.0,0.0,0.0,0.0,5.0,14.0,13.0,16.0,11.0,11.0,14.0,11.0,9.0,12.0,11.0,12.0,6.0,7.0,8.0,10.0,13.0,12.0,11.0,10.0
143,6.0,3.0,3.0,4.0,0.0,0.0,0.0,0.0,5.0,13.0,12.0,15.0,13.0,9.0,9.0,10.0,9.0,9.0,10.0,12.0,10.0,6.0,13.0,11.0,13.0,12.0,11.0,10.0
144,6.0,3.0,3.0,4.0,0.0,0.0,0.0,1.0,5.0,10.0,10.0,14.0,14.0,8.0,8.0,11.0,8.0,10.0,9.0,11.0,10.0,11.0,13.0,11.0,13.0,9.0,11.0,14.0
145,6.0,3.0,3.0,4.0,0.0,0.0,0.0,0.0,7.0,11.0,13.0,15.0,15.0,11.0,10.0,13.0,12.0,9.0,10.0,11.0,13.0,14.0,14.0,14.0,13.0,11.0,11.0,11.0
146,5.0,3.0,3.0,4.0,0.0,0.0,0.0,0.0,6.0,13.0,12.0,14.0,13.0,12.0,13.0,15.0,14.0,11.0,12.0,10.0,12.0,14.0,13.0,15.0,14.0,11.0,12.0,10.0
147,5.0,3.0,3.0,4.0,0.0,0.0,0.0,0.0,6.0,15.0,15.0,12.0,10.0,12.0,13.0,14.0,12.0,11.0,11.0,13.0,10.0,13.0,9.0,15.0,11.0,14.0,14.0,10.0
148,5.0,3.0,3.0,4.0,0.0,1.0,0.0,0.0,6.0,13.0,11.0,11.0,10.0,14.0,13.0,13.0,11.0,11.0,10.0,15.0,11.0,11.0,10.0,11.0,11.0,14.0,12.0,11.0
149,5.0,2.0,3.0,4.0,0.0,1.0,0.0,0.0,7.0,14.0,13.0,13.0,11.0,14.0,10.0,14.0,8.0,12.0,10.0,12.0,14.0,14.0,11.0,8.0,8.0,11.0,13.0,14.0
150,5.0,1.0,3.0,4.0,0.0,1.0,0.0,0.0,8.0,15.0,12.0,15.0,15.0,14.0,13.0,10.0,10.0,11.0,12.0,9.0,16.0,12.0,14.0,8.0,13.0,8.0,13.0,14.0
151,5.0,1.0,3.0,4.0,0.0,1.0,0.0,0.0,5.0,16.0,13.0,7.0,14.0,13.0,11.0,11.0,11.0,11.0,12.0,9.0,16.0,13.0,14.0,11.0,14.0,11.0,13.0,12.0
152,4.0,1.0,3.0,4.0,0.0,1.0,0.0,0.0,4.0,13.0,15.0,8.0,12.0,11.0,13.0,8.0,12.0,10.0,11.0,10.0,11.0,13.0,10.0,12.0,13.0,12.0,13.0,11.0
153,4.0,1.0,3.0,4.0,0.0,1.0,0.0,0.0,5.0,13.0,15.0,12.0,10.0,13.0,14.0,12.0,12.0,11.0,11.0,13.0,6.0,16.0,8.0,11.0,14.0,15.0,10.0,9.0
154,4.0,1.0,3.0,4.0,0.0,0.0,0.0,0.0,8.0,14.0,19.0,16.0,11.0,15.0,13.0,11.0,10.0,11.0,11.0,11.0,5.0,14.0,6.0,10.0,14.0,16.0,10.0,10.0
155,4.0,1.0,3.0,3.0,1.0,0.0,0.0,0.0,9.0,17.0,17.0,12.0,13.0,12.0,14.0,14.0,11.0,12.0,11.0,11.0,8.0,9.0,9.0,11.0,15.0,15.0,11.0,10.0
156,4.0,1.0,3.0,3.0,1.0,0.0,0.0,0.0,8.0,15.0,14.0,10.0,14.0,11.0,12.0,10.0,11.0,16.0,13.0,10.0,12.0,9.0,12.0,15.0,15.0,15.0,15.0,9.0
157,4.0,1.0,3.0,3.0,1.0,0.0,1.0,0.0,5.0,14.0,12.0,10.0,12.0,5.0,16.0,11.0,12.0,15.0,14.0,10.0,15.0,11.0,13.0,10.0,10.0,12.0,16.0,10.0
158,3.0,1.0,3.0,3.0,1.0,0.0,1.0,0.0,4.0,14.0,9.0,14.0,13.0,7.0,15.0,9.0,11.0,8.0,12.0,11.0,13.0,13.0,11.0,10.0,10.0,9.0,13.0,11.0
159,3.0,1.0,3.0,2.0,0.0,0.0,1.0,0.0,4.0,14.0,12.0,13.0,10.0,11.0,11.0,12.0,11.0,7.0,12.0,12.0,9.0,14.0,7.0,9.0,9.0,8.0,11.0,11.0
160,3.0,1.0,3.0,2.0,0.0,0.0,0.0,0.0,8.0,11.0,12.0,12.0,12.0,15.0,10.0,11.0,13.0,7.0,12.0,11.0,9.0,12.0,7.0,11.0,11.0,11.0,11.0,13.0
161,2.0,1.0,3.0,2.0,0.0,0.0,0.0,0.0,9.0,9.0,12.0,10.0,11.0,11.0,10.0,10.0,11.0,10.0,12.0,10.0,8.0,10.0,10.0,13.0,12.0,13.0,11.0,11.0
162,2.0,1.0,3.0,2.0,0.0,0.0,0.0,0.0,5.0,11.0,14.0,8.0,8.0,12.0,7.0,11.0,13.0,13.0,10.0,12.0,7.0,10.0,8.0,13.0,9.0,15.0,13.0,12.0
163,2.0,1.0,3.0,2.0,0.0,0.0,0.0,0.0,5.0,11.0,13.0,10.0,9.0,11.0,9.0,8.0,12.0,11.0,7.0,8.0,10.0,10.0,11.0,13.0,11.0,13.0,12.0,11.0
164,2.0,1.0,3.0,1.0,0.0,0.0,0.0,0.0,2.0,15.0,11.0,13.0,10.0,12.0,11.0,10.0,13.0,9.0,8.0,10.0,12.0,12.0,12.0,8.0,13.0,13.0,10.0,11.0
165,2.0,1.0,3.0,1.0,0.0,0.0,0.0,0.0,5.0,13.0,12.0,15.0,11.0,15.0,12.0,12.0,13.0,10.0,12.0,9.0,14.0,13.0,13.0,9.0,13.0,12.0,7.0,12.0
166,2.0,1.0,3.0,1.0,0.0,0.0,0.0,0.0,9.0,11.0,13.0,15.0,15.0,14.0,12.0,16.0,12.0,12.0,13.0,11.0,15.0,13.0,11.0,10.0,12.0,13.0,10.0,10.0
167,2.0,1.0,2.0,0.0,0.0,0.0,0.0,0.0,7.0,8.0,16.0,13.0,13.0,13.0,11.0,15.0,15.0,13.0,14.0,11.0,12.0,13.0,9.0,15.0,11.0,11.0,11.0,13.0
168,2.0,1.0,2.0,0.0,0.0,0.0,0.0,0.0,7.0,9.0,17.0,14.0,12.0,12.0,13.0,12.0,14.0,12.0,13.0,12.0,10.0,12.0,9.0,13.0,12.0,12.0,14.0,11.0
169,2.0,1.0,2.0,0.0,0.0,0.0,0.0,0.0,4.0,11.0,18.0,12.0,13.0,12.0,14.0,9.0,10.0,12.0,13.0,12.0,10.0,13.0,11.0,12.0,13.0,13.0,14.0,13.0
170,2.0,1.0,2.0,0.0,0.0,0.0,0.0,0.0,8.0,15.0,15.0,15.0,14.0,15.0,14.0,12.0,10.0,14.0,10.0,11.0,12.0,13.0,14.0,13.0,13.0,13.0,14.0,12.0
171,2.0,1.0,2.0,0.0,0.0,0.0,0.0,0.0,9.0,16.0,14.0,13.0,14.0,16.0,11.0,14.0,11.0,13.0,11.0,11.0,14.0,14.0,16.0,13.0,12.0,9.0,14.0,11.0
172,2.0,1.0,2.0,0.0,0.0,0.0,0.0,0.0,7.0,14.0,12.0,12.0,13.0,12.0,9.0,16.0,12.0,12.0,13.0,12.0,13.0,13.0,11.0,14.0,9.0,10.0,12.0,11.0
173,2.0,1.0,2.0,0.0,0.0,0.0,0.0,0.0,5.0,12.0,13.0,11.0,11.0,13.0,11.0,15.0,12.0,10.0,14.0,11.0,13.0,13.0,12.0,12.0,11.0,13.0,14.0,9.0
174,2.0,1.0,2.0,0.0,0.0,0.0,0.0,0.0,4.0,12.0,15.0,13.0,11.0,11.0,12.0,12.0,12.0,12.0,13.0,10.0,10.0,11.0,9.0,11.0,10.0,14.0,12.0,7.0
175,2.0,1.0,2.0,0.0,0.0,0.0,0.0,0.0,6.0,10.0,15.0,13.0,10.0,11.0,13.0,13.0,13.0,9.0,12.0,10.0,9.0,10.0,11.0,9.0,9.0,13.0,11.0,8.0
176,2.0,1.0,2.0,0.0,0.0,0.0,0.0,0.0,8.0,14.0,17.0,13.0,11.0,12.0,13.0,13.0,14.0,12.0,12.0,13.0,11.0,10.0,10.0,10.0,7.0,12.0,8.0,11.0
177,2.0,1.0,2.0,0.0,0.0,0.0,0.0,0.0,9.0,14.0,15.0,12.0,10.0,10.0,11.0,13.0,11.0,10.0,12.0,12.0,12.0,11.0,12.0,11.0,8.0,13.0,9.0,12.0
178,2.0,1.0,2.0,0.0,0.0,0.0,0.0,0.0,5.0,13.0,14.0,10.0,10.0,14.0,9.0,13.0,10.0,11.0,13.0,11.0,14.0,13.0,13.0,13.0,14.0,12.0,13.0,11.0
179,2.0,1.0,2.0,0.0,0.0,0.0,0.0,0.0,5.0,15.0,11.0,12.0,14.0,12.0,8.0,11.0,10.0,12.0,12.0,11.0,14.0,14.0,13.0,14.0,16.0,13.0,15.0,13.0
180,2.0,1.0,2.0,0.0,0.0,0.0,0.0,0.0,5.0,10.0,9.0,12.0,14.0,15.0,10.0,11.0,15.0,14.0,11.0,10.0,11.0,13.0,12.0,12.0,13.0,14.0,14.0,12.0
181,2.0,1.0,2.0,0.0,0.0,0.0,0.0,0.0,8.0,12.0,13.0,14.0,12.0,12.0,13.0,11.0,13.0,10.0,12.0,11.0,10.0,13.0,9.0,11.0,11.0,11.0,12.0,14.0
182,2.0,1.0,2.0,0.0,0.0,0.0,0.0,0.0,9.0,11.0,15.0,11.0,11.0,12.0,16.0,12.0,9.0,12.0,12.0,9.0,9.0,11.0,11.0,12.0,7.0,13.0,12.0,13.0
183,2.0,1.0,1.0,0.0,0.0,0.0,0.0,0.0,6.0,14.0,16.0,14.0,11.0,12.0,14.0,11.0,5.0,11.0,14.0,9.0,11.0,6.0,10.0,10.0,9.0,12.0,10.0,11.0
184,2.0,1.0,1.0,0.0,0.0,0.0,0.0,0.0,6.0,15.0,13.0,11.0,13.0,10.0,12.0,8.0,5.0,11.0,11.0,11.0,14.0,6.0,11.0,13.0,9.0,13.0,7.0,9.0
185,2.0,1.0,1.0,0.0,0.0,0.0,0.0,0.0,4.0,14.0,9.0,12.0,12.0,11.0,11.0,9.0,8.0,7.0,9.0,9.0,14.0,9.0,14.0,9.0,11.0,12.0,8.0,7.0
186,2.0,1.0,1.0,0.0,0.0,0.0,0.0,0.0,3.0,12.0,8.0,14.0,13.0,10.0,9.0,9.0,13.0,7.0,12.0,10.0,13.0,11.0,12.0,7.0,13.0,11.0,8.0,8.0
187,2.0,1.0,1.0,0.0,0.0,0.0,0.0,0.0,7.0,9.0,9.0,15.0,14.0,12.0,12.0,14.0,17.0,10.0,10.0,10.0,13.0,14.0,11.0,11.0,16.0,11.0,12.0,10.0
188,2.0,1.0,1.0,0.0,0.0,0.0,0.0,0.0,8.0,9.0,10.0,14.0,14.0,14.0,12.0,14.0,15.0,12.0,13.0,10.0,14.0,12.0,12.0,13.0,12.0,10.0,15.0,11.0
189,2.0,1.0,1.0,0.0,0.0,0.0,0.0,0.0,7.0,10.0,12.0,13.0,16.0,16.0,15.0,12.0,12.0,12.0,12.0,12.0,15.0,9.0,9.0,12.0,12.0,10.0,13.0,12.0
190,2.0,1.0,1.0,0.0,0.0,0.0,0.0,0.0,4.0,12.0,13.0,12.0,14.0,12.0,16.0,14.0,13.0,12.0,12.0,12.0,15.0,7.0,7.0,10.0,10.0,10.0,12.0,12.0
191,2.0,1.0,1.0,0.0,0.0,0.0,0.0,0.0,4.0,15.0,15.0,15.0,15.0,12.0,14.0,12.0,14.0,12.0,14.0,12.0,12.0,9.0,7.0,11.0,11.0,13.0,12.0,13.0
192,2.0,1.0,1.0,0.0,0.0,0.0,0.0,0.0,6.0,14.0,17.0,12.0,11.0,13.0,12.0,11.0,14.0,12.0,14.0,11.0,12.0,11.0,11.0,13.0,13.0,12.0,10.0,12.0
193,2.0,1.0,1.0,0.0,0.0,0.0,0.0,0.0,10.0,16.0,14.0,13.0,10.0,14.0,12.0,7.0,13.0,9.0,13.0,14.0,13.0,14.0,10.0,15.0,12.0,15.0,14.0,10.0
194,2.0,1.0,1.0,0.0,0.0,0.0,0.0,0.0,7.0,15.0,13.0,10.0,10.0,13.0,13.0,9.0,11.0,8.0,9.0,13.0,15.0,14.0,12.0,12.0,12.0,11.0,13.0,13.0
195,2.0,1.0,1.0,0.0,0.0,0.0,0.0,0.0,5.0,14.0,11.0,12.0,9.0,11.0,13.0,11.0,9.0,11.0,8.0,8.0,15.0,12.0,11.0,11.0,11.0,11.0,15.0,13.0
196,2.0,1.0,1.0,0.0,0.0,0.0,0.0,0.0,4.0,13.0,12.0,12.0,9.0,12.0,10.0,12.0,9.0,10.0,10.0,10.0,12.0,11.0,10.0,12.0,9.0,9.0,14.0,15.0
197,2.0,1.0,1.0,0.0,0.0,0.0,0.0,0.0,5.0,13.0,9.0,11.0,11.0,10.0,13.0,10.0,10.0,15.0,10.0,10.0,10.0,11.0,7.0,12.0,11.0,11.0,10.0,11.0
198,2.0,1.0,1.0,0.0,0.0,0.0,0.0,0.0,6.0,13.0,12.0,10.0,10.0,9.0,14.0,9.0,10.0,11.0,10.0,11.0,12.0,10.0,7.0,11.0,11.0,12.0,8.0,7.0
199,2.0,1.0,1.0,0.0,0.0,0.0,0.0,0.0,5.0,14.0,10.0,8.0,13.0,10.0,13.0,8.0,10.0,10.0,10.0,13.0,10.0,9.0,12.0,11.0,10.0,10.0,10.0,7.0
200,2.0,1.0,1.0,0.0,0.0,0.0,0.0,0.0,5.0,11.0,11.0,9.0,11.0,12.0,15.0,12.0,11.0,10.0,9.0,11.0,9.0,9.0,8.0,9.0,10.0,9.0,12.0,6.0
201,2.0,1.0,1.0,0.0,0.0,0.0,0.0,0.0,4.0,12.0,11.0,10.0,9.0,14.0,10.0,13.0,10.0,10.0,9.0,10.0,8.0,8.0,9.0,10.0,10.0,9.0,12.0,10.0
202,2.0,1.0,1.0,0.0,0.0,0.0,0.0,0.0,4.0,12.0,9.0,11.0,10.0,14.0,8.0,15.0,10.0,12.0,12.0,12.0,9.0,7.0,8.0,11.0,9.0,6.0,11.0,13.0
203,2.0,1.0,1.0,0.0,0.0,0.0,0.0,0.0,5.0,10.0,9.0,15.0,10.0,12.0,10.0,16.0,10.0,12.0,12.0,9.0,10.0,8.0,7.0,11.0,12.0,8.0,9.0,12.0
204,2.0,1.0,1.0,0.0,0.0,0.0,0.0,1.0,4.0,9.0,10.0,13.0,14.0,13.0,9.0,14.0,11.0,13.0,13.0,10.0,13.0,6.0,11.0,11.0,12.0,11.0,5.0,14.0
205,2.0,1.0,1.0,0.0,0.0,0.0,0.0,1.0,6.0,10.0,10.0,14.0,14.0,12.0,13.0,14.0,11.0,11.0,12.0,11.0,14.0,6.0,12.0,10.0,12.0,11.0,7.0,13.0
206,2.0,1.0,1.0,0.0,0.0,0.0,0.0,1.0,5.0,9.0,13.0,14.0,15.0,16.0,13.0,11.0,10.0,10.0,9.0,12.0,11.0,8.0,14.0,12.0,13.0,13.0,10.0,14.0
207,2.0,1.0,1.0,0.0,0.0,0.0,0.0,1.0,6.0,15.0,14.0,10.0,13.0,13.0,11.0,8.0,12.0,12.0,9.0,13.0,12.0,10.0,16.0,10.0,13.0,12.0,10.0,14.0
208,2.0,1.0,1.0,0.0,0.0,0.0,0.0,1.0,6.0,16.0,14.0,11.0,9.0,13.0,14.0,10.0,11.0,13.0,11.0,15.0,13.0,14.0,12.0,12.0,16.0,10.0,13.0,15.0
209,2.0,1.0,1.0,0.0,0.0,0.0,0.0,1.0,6.0,15.0,15.0,12.0,11.0,11.0,13.0,14.0,13.0,16.0,13.0,12.0,13.0,12.0,10.0,13.0,15.0,11.0,11.0,15.0
210,2.0,1.0,1.0,0.0,0.0,0.0,0.0,1.0,5.0,12.0,13.0,14.0,11.0,13.0,16.0,15.0,11.0,13.0,16.0,10.0,14.0,11.0,11.0,13.0,12.0,11.0,11.0,16.0
211,2.0,1.0,1.0,0.0,0.0,0.0,0.0,1.0,6.0,14.0,12.0,14.0,13.0,14.0,15.0,8.0,13.0,10.0,17.0,10.0,15.0,13.0,14.0,13.0,11.0,10.0,13.0,14.0
212,2.0,1.0,1.0,0.0,0.0,0.0,0.0,1.0,8.0,14.0,16.0,13.0,15.0,14.0,14.0,9.0,13.0,9.0,17.0,9.0,15.0,13.0,15.0,13.0,14.0,10.0,14.0,14.0
213,2.0,1.0,1.0,0.0,0.0,0.0,0.0,0.0,6.0,15.0,18.0,11.0,15.0,12.0,12.0,10.0,15.0,9.0,15.0,11.0,13.0,12.0,14.0,12.0,17.0,11.0,15.0,11.0
214,2.0,1.0,1.0,0.0,0.0,0.0,0.0,0.0,4.0,14.0,16.0,12.0,15.0,9.0,11.0,13.0,17.0,12.0,10.0,10.0,8.0,8.0,15.0,15.0,15.0,11.0,15.0,11.0
215,2.0,1.0,1.0,0.0,0.0,1.0,0.0,0.0,4.0,14.0,14.0,14.0,14.0,11.0,13.0,12.0,12.0,12.0,10.0,12.0,9.0,8.0,14.0,10.0,11.0,12.0,8.0,11.0
216,2.0,1.0,1.0,1.0,0.0,1.0,0.0,0.0,8.0,12.0,15.0,17.0,10.0,13.0,13.0,10.0,11.0,12.0,10.0,12.0,12.0,8.0,14.0,12.0,8.0,9.0,5.0,12.0
217,2.0,1.0,1.0,1.0,0.0,1.0,0.0,0.0,10.0,12.0,13.0,15.0,11.0,14.0,13.0,9.0,9.0,12.0,13.0,11.0,11.0,12.0,13.0,11.0,11.0,9.0,7.0,12.0
218,2.0,1.0,1.0,1.0,0.0,1.0,0.0,0.0,9.0,12.0,15.0,12.0,8.0,15.0,13.0,11.0,12.0,10.0,10.0,10.0,10.0,9.0,11.0,13.0,13.0,8.0,10.0,13.0
219,2.0,1.0,1.0,1.0,0.0,1.0,0.0,0.0,9.0,14.0,13.0,10.0,12.0,15.0,12.0,10.0,12.0,13.0,10.0,11.0,9.0,10.0,9.0,12.0,15.0,9.0,12.0,10.0
220,2.0,1.0,1.0,1.0,0.0,1.0,0.0,0.0,6.0,13.0,13.0,10.0,14.0,14.0,9.0,13.0,10.0,12.0,11.0,10.0,10.0,11.0,11.0,10.0,11.0,9.0,13.0,10.0
221,2.0,1.0,1.0,1.0,0.0,1.0,0.0,0.0,2.0,14.0,11.0,11.0,11.0,10.0,9.0,13.0,10.0,13.0,13.0,12.0,13.0,9.0,11.0,11.0,8.0,11.0,16.0,9.0
222,2.0,1.0,1.0,1.0,0.0,1.0,0.0,0.0,3.0,14.0,11.0,15.0,11.0,12.0,8.0,11.0,11.0,12.0,16.0,10.0,11.0,11.0,11.0,12.0,9.0,13.0,15.0,9.0
223,2.0,1.0,1.0,1.0,0.0,1.0,0.0,0.0,6.0,15.0,12.0,11.0,10.0,9.0,15.0,12.0,12.0,11.0,14.0,9.0,11.0,10.0,13.0,15.0,14.0,13.0,16.0,13.0
224,2.0,1.0,1.0,1.0,0.0,1.0,0.0,0.0,10.0,10.0,15.0,11.0,14.0,12.0,16.0,12.0,14.0,11.0,10.0,11.0,10.0,11.0,15.0,14.0,17.0,13.0,12.0,14.0
225,2.0,1.0,1.0,1.0,0.0,0.0,0.0,0.0,9.0,10.0,15.0,10.0,14.0,9.0,15.0,14.0,11.0,10.0,11.0,9.0,10.0,11.0,14.0,14.0,12.0,12.0,11.0,12.0
226,2.0,1.0,1.0,0.0,0.0,0.0,0.0,0.0,4.0,9.0,12.0,12.0,12.0,10.0,12.0,13.0,7.0,13.0,11.0,11.0,12.0,12.0,13.0,13.0,10.0,9.0,12.0,9.0
227,2.0,1.0,1.0,0.0,0.0,0.0,0.0,0.0,4.0,14.0,14.0,14.0,11.0,11.0,9.0,12.0,9.0,10.0,12.0,10.0,12.0,11.0,13.0,14.0,9.0,8.0,15.0,7.0
228,2.0,1.0,1.0,0.0,0.0,0.0,0.0,0.0,5.0,12.0,13.0,16.0,13.0,12.0,9.0,12.0,8.0,11.0,13.0,13.0,12.0,11.0,11.0,15.0,10.0,8.0,15.0,10.0
229,2.0,1.0,1.0,0.0,0.0,0.0,0.0,0.0,8.0,12.0,12.0,15.0,9.0,12.0,12.0,11.0,11.0,9.0,11.0,12.0,10.0,10.0,10.0,13.0,11.0,9.0,12.0,12.0
230,2.0,1.0,1.0,0.0,0.0,0.0,0.0,0.0,8.0,10.0,13.0,11.0,10.0,11.0,13.0,12.0,13.0,10.0,9.0,14.0,11.0,11.0,9.0,12.0,12.0,9.0,10.0,11.0
231,2.0,1.0,0.0,0.0,0.0,0.0,0.0,0.0,7.0,11.0,12.0,12.0,11.0,12.0,14.0,9.0,11.0,14.0,10.0,11.0,13.0,13.0,10.0,10.0,10.0,12.0,9.0,13.0
232,2.0,1.0,0.0,0.0,0.0,0.0,0.0,0.0,6.0,13.0,13.0,10.0,9.0,11.0,13.0,12.0,8.0,14.0,12.0,12.0,13.0,12.0,10.0,7.0,11.0,11.0,12.0,13.0
233,2.0,1.0,0.0,0.0,0.0,0.0,0.0,0.0,6.0,14.0,16.0,12.0,13.0,10.0,11.0,10.0,8.0,15.0,11.0,9.0,10.0,12.0,12.0,10.0,9.0,10.0,14.0,10.0
234,2.0,1.0,0.0,0.0,0.0,0.0,0.0,0.0,6.0,10.0,16.0,13.0,13.0,10.0,9.0,10.0,8.0,10.0,10.0,9.0,8.0,13.0,12.0,9.0,12.0,9.0,10.0,11.0
235,2.0,1.0,0.0,0.0,0.0,0.0,0.0,0.0,5.0,9.0,13.0,15.0,12.0,11.0,10.0,12.0,10.0,7.0,11.0,10.0,7.0,15.0,10.0,11.0,11.0,10.0,9.0,11.0
236,2.0,1.0,0.0,0.0,0.0,0.0,0.0,0.0,5.0,10.0,10.0,13.0,11.0,12.0,9.0,11.0,11.0,8.0,11.0,9.0,7.0,12.0,10.0,10.0,8.0,10.0,5.0,12.0
237,2.0,1.0,0.0,0.0,0.0,0.0,0.0,0.0,4.0,11.0,10.0,13.0,9.0,12.0,11.0,12.0,10.0,10.0,13.0,10.0,12.0,13.0,10.0,8.0,10.0,11.0,5.0,16.0
238,2.0,1.0,0.0,0.0,0.0,0.0,0.0,0.0,3.0,10.0,9.0,13.0,9.0,14.0,11.0,9.0,8.0,10.0,10.0,11.0,13.0,10.0,11.0,10.0,7.0,11.0,8.0,14.0
