,w1,w2,w3,w4,w5,w6,w7,w8,w9,w10,w11,w12,w13,w14,w15,w16,w17,w18,w19,w20,w21,w22,w23,w24,w25,w26,w27,w28
0,0.0,0.0,0.0,0.0,0.0,0.0,0.0,0.0,1.0,0.0,1.0,0.0,0.0,2.0,0.0,0.0,1.0,0.0,0.0,0.0,0.0,0.0,0.0,0.0,1.0,0.0,0.0,0.0
1,0.0,0.0,0.0,0.0,0.0,0.0,0.0,0.0,3.0,0.0,1.0,1.0,3.0,0.0,2.0,2.0,1.0,0.0,1.0,5.0,4.0,2.0,2.0,1.0,2.0,2.0,0.0,2.0
2,0.0,0.0,0.0,0.0,0.0,0.0,0.0,0.0,4.0,1.0,3.0,2.0,2.0,2.0,3.0,1.0,2.0,2.0,4.0,2.0,1.0,1.0,2.0,2.0,2.0,0.0,0.0,1.0
3,0.0,0.0,0.0,0.0,0.0,0.0,0.0,0.0,1.0,2.0,2.0,2.0,4.0,1.0,0.0,0.0,2.0,1.0,2.0,2.0,1.0,1.0,3.0,2.0,4.0,0.0,2.0,0.0
4,0.0,0.0,0.0,0.0,0.0,0.0,0.0,0.0,0.0,1.0,5.0,3.0,1.0,3.0,3.0,2.0,0.0,1.0,2.0,0.0,1.0,3.0,2.0,2.0,2.0,3.0,2.0,1.0
5,0.0,0.0,0.0,0.0,0.0,0.0,0.0,0.0,2.0,3.0,0.0,1.0,1.0,1.0,3.0,2.0,0.0,2.0,0.0,6.0,2.0,2.0,1.0,3.0,0.0,3.0,1.0,2.0
6,0.0,0.0,0.0,0.0,0.0,0.0,0.0,0.0,1.0,0.0,1.0,1.0,1.0,2.0,1.0,3.0,2.0,1.0,2.0,0.0,1.0,2.0,2.0,0.0,2.0,0.0,2.0,2.0
7,0.0,0.0,0.0,0.0,0.0,0.0,0.0,0.0,4.0,1.0,2.0,4.0,3.0,1.0,1.0,3.0,2.0,3.0,4.0,1.0,3.0,1.0,3.0,1.0,2.0,3.0,3.0,3.0
8,0.0,0.0,0.0,0.0,0.0,0.0,0.0,0.0,3.0,4.0,3.0,1.0,4.0,4.0,4.0,2.0,4.0,3.0,1.0,3.0,3.0,2.0,1.0,1.0,5.0,1.0,4.0,1.0
9,0.0,0.0,0.0,0.0,0.0,0.0,0.0,0.0,2.0,2.0,3.0,3.0,1.0,2.0,1.0,1.0,0.0,2.0,2.0,3.0,2.0,1.0,1.0,4.0,3.0,0.0,2.0,4.0
10,0.0,0.0,0.0,0.0,0.0,0.0,0.0,0.0,2.0,3.0,4.0,2.0,1.0,4.0,2.0,0.0,3.0,0.0,1.0,2.0,2.0,1.0,1.0,3.0,0.0,3.0,2.0,1.0
11,0.0,0.0,0.0,0.0,0.0,0.0,0.0,0.0,1.0,1.0,1.0,2.0,2.0,1.0,0.0,5.0,2.0,1.0,2.0,2.0,2.0,2.0,3.0,4.0,2.0,7.0,5.0,1.0
12,0.0,0.0,0.0,0.0,0.0,0.0,0.0,0.0,2.0,2.0,1.0,1.0,3.0,3.0,1.0,2.0,0.0,2.0,2.0,2.0,1.0,1.0,6.0,1.0,2.0,3.0,0.0,4.0
13,0.0,0.0,0.0,0.0,0.0,0.0,0.0,0.0,3.0,1.0,1.0,1.0,2.0,2.0,3.0,4.0,6.0,2.0,1.0,3.0,2.0,2.0,1.0,1.0,4.0,0.0,2.0,5.0
14,0.0,0.0,0.0,0.0,0.0,0.0,0.0,0.0,3.0,3.0,1.0,4.0,3.0,4.0,3.0,2.0,1.0,4.0,2.0,3.0,1.0,1.0,4.0,3.0,1.0,2.0,2.0,1.0
15,0.0,0.0,0.0,0.0,0.0,0.0,0.0,0.0,3.0,2.0,1.0,1.0,1.0,2.0,4.0,1.0,3.0,2.0,3.0,1.0,4.0,2.0,0.0,0.0,1.0,2.0,1.0,1.0
16,0.0,0.0,0.0,0.0,0.0,0.0,0.0,0.0,1.0,2.0,2.0,1.0,0.0,1.0,2.0,2.0,1.0,1.0,3.0,2.0,1.0,2.0,0.0,1.0,4.0,2.0,5.0,2.0
17,0.0,0.0,0.0,0.0,0.0,0.0,0.0,0.0,0.0,2.0,4.0,2.0,3.0,3.0,1.0,0.0,2.0,0.0,0.0,0.0,2.0,1.0,1.0,3.0,0.0,1.0,1.0,4.0
18,0.0,0.0,0.0,0.0,0.0,0.0,0.0,0.0,2.0,2.0,4.0,2.0,4.0,1.0,0.0,3.0,1.0,1.0,2.0,2.0,2.0,3.0,1.0,1.0,0.0,1.0,2.0,3.0
19,0.0,0.0,0.0,0.0,0.0,0.0,0.0,0.0,2.0,4.0,0.0,2.0,3.0,2.0,5.0,3.0,3.0,2.0,1.0,2.0,2.0,3.0,7.0,4.0,2.0,4.0,3.0,1.0
20,0.0,0.0,0.0,0.0,0.0,0.0,0.0,0.0,1.0,1.0,0.0,5.0,1.0,3.0,3.0,1.0,2.0,4.0,7.0,2.0,2.0,5.0,0.0,1.0,2.0,3.0,3.0,3.0
21,0.0,0.0,0.0,0.0,0.0,0.0,0.0,0.0,3.0,3.0,3.0,3.0,0.0,5.0,2.0,5.0,3.0,1.0,0.0,0.0,2.0,4.0,2.0,1.0,5.0,1.0,1.0,2.0
22,0.0,0.0,0.0,0.0,0.0,0.0,0.0,0.0,4.0,3.0,2.0,2.0,3.0,1.0,2.0,3.0,1.0,4.0,0.0,3.0,3.0,4.0,3.0,3.0,3.0,2.0,2.0,4.0
23,0.0,0.0,0.0,0.0,0.0,0.0,0.0,0.0,1.0,3.0,3.0,0.0,2.0,3.0,1.0,4.0,3.0,1.0,1.0,0.0,2.0,0.0,2.0,3.0,0.0,2.0,2.0,2.0
24,0.0,0.0,0.0,0.0,0.0,0.0,0.0,0.0,1.0,2.0,1.0,2.0,5.0,3.0,2.0,1.0,2.0,0.0,3.0,2.0,4.0,2.0,3.0,2.0,0.0,2.0,2.0,4.0
25,0.0,0.0,0.0,0.0,0.0,0.0,0.0,0.0,3.0,3.0,3.0,1.0,1.0,2.0,4.0,1.0,1.0,4.0,5.0,0.0,1.0,1.0,1.0,4.0,2.0,1.0,1.0,0.0
26,0.0,0.0,0.0,0.0,0.0,0.0,0.0,0.0,2.0,1.0,1.0,2.0,1.0,2.0,0.0,2.0,2.0,4.0,2.0,3.0,1.0,1.0,4.0,0.0,4.0,2.0,1.0,2.0
27,0.0,0.0,0.0,0.0,0.0,0.0,0.0,0.0,3.0,2.0,3.0,1.0,5.0,1.0,4.0,3.0,4.0,1.0,2.0,2.0,6.0,4.0,3.0,0.0,1.0,0.0,1.0,0.0
28,0.0,0.0,0.0,0.0,0.0,0.0,0.0,0.0,2.0,2.0,2.0,3.0,1.0,3.0,0.0,3.0,0.0,2.0,3.0,2.0,1.0,1.0,1.0,0.0,1.0,2.0,2.0,3.0
29,0.0,0.0,0.0,0.0,0.0,0.0,0.0,0.0,1.0,3.0,3.0,2.0,2.0,3.0,0.0,3.0,3.0,2.0,2.0,3.0,4.0,4.0,3.0,4.0,1.0,2.0,3.0,3.0
30,0.0,0.0,0.0,0.0,0.0,0.0,0.0,0.0,3.0,3.0,4.0,3.0,5.0,3.0,2.0,3.0,2.0,1.0,1.0,3.0,1.0,0.0,1.0,1.0,4.0,5.0,3.0,3.0
31,0.0,0.0,0.0,0.0,0.0,0.0,0.0,0.0,3.0,2.0,1.0,2.0,1.0,1.0,3.0,2.0,0.0,0.0,2.0,5.0,1.0,2.0,0.0,4.0,2.0,2.0,2.0,2.0
32,0.0,0.0,0.0,0.0,0.0,0.0,0.0,0.0,1.0,1.0,2.0,2.0,5.0,1.0,3.0,4.0,3.0,2.0,0.0,0.0,3.0,3.0,1.0,1.0,4.0,1.0,5.0,1.0
33,0.0,0.0,0.0,0.0,0.0,0.0,0.0,0.0,2.0,2.0,0.0,2.0,1.0,1.0,2.0,0.0,1.0,2.0,3.0,3.0,4.0,4.0,3.0,0.0,1.0,3.0,0.0,3.0
34,0.0,0.0,0.0,0.0,0.0,0.0,0.0,0.0,0.0,4.0,2.0,1.0,3.0,3.0,0.0,2.0,1.0,2.0,2.0,1.0,1.0,2.0,1.0,2.0,1.0,2.0,0.0,1.0
35,0.0,0.0,0.0,0.0,0.0,0.0,0.0,0.0,3.0,0.0,2.0,2.0,3.0,2.0,2.0,2.0,4.0,1.0,4.0,1.0,3.0,2.0,1.0,2.0,2.0,1.0,2.0,3.0
36,0.0,0.0,0.0,0.0,0.0,0.0,0.0,0.0,3.0,3.0,2.0,1.0,2.0,4.0,2.0,3.0,1.0,1.0,2.0,2.0,0.0,1.0,0.0,4.0,2.0,0.0,4.0,0.0
37,0.0,0.0,0.0,0.0,0.0,0.0,0.0,0.0,1.0,1.0,3.0,2.0,2.0,1.0,3.0,4.0,1.0,4.0,1.0,3.0,0.0,1.0,3.0,2.0,2.0,3.0,1.0,4.0
38,0.0,0.0,0.0,0.0,0.0,0.0,0.0,0.0,4.0,2.0,3.0,2.0,1.0,3.0,0.0,0.0,2.0,1.0,2.0,2.0,4.0,2.0,4.0,1.0,2.0,1.0,3.0,1.0
39,0.0,0.0,0.0,0.0,0.0,0.0,0.0,0.0,1.0,4.0,2.0,1.0,1.0,2.0,4.0,3.0,0.0,2.0,1.0,1.0,4.0,4.0,4.0,0.0,3.0,2.0,3.0,1.0
40,0.0,0.0,0.0,0.0,0.0,0.0,0.0,0.0,0.0,2.0,0.0,2.0,2.0,2.0,2.0,3.0,2.0,2.0,1.0,4.0,1.0,1.0,1.0,2.0,3.0,0.0,1.0,4.0
41,0.0,0.0,0.0,0.0,0.0,0.0,0.0,0.0,3.0,2.0,1.0,1.0,2.0,5.0,3.0,4.0,1.0,1.0,0.0,1.0,2.0,2.0,2.0,3.0,0.0,1.0,3.0,1.0
42,0.0,0.0,0.0,0.0,0.0,0.0,0.0,0.0,2.0,3.0,0.0,1.0,2.0,0.0,2.0,3.0,3.0,2.0,3.0,0.0,1.0,1.0,1.0,3.0,4.0,2.0,2.0,0.0
43,0.0,0.0,0.0,0.0,0.0,0.0,0.0,0.0,2.0,1.0,3.0,5.0,0.0,3.0,2.0,2.0,3.0,2.0,3.0,2.0,1.0,0.0,2.0,0.0,1.0,5.0,1.0,1.0
44,0.0,0.0,0.0,0.0,0.0,0.0,0.0,0.0,2.0,3.0,3.0,1.0,2.0,2.0,2.0,3.0,1.0,2.0,1.0,2.0,1.0,1.0,2.0,2.0,3.0,2.0,2.0,1.0
45,0.0,0.0,0.0,0.0,0.0,0.0,0.0,0.0,2.0,3.0,5.0,4.0,1.0,3.0,0.0,0.0,0.0,1.0,1.0,3.0,3.0,4.0,2.0,4.0,2.0,2.0,4.0,4.0
46,0.0,0.0,0.0,0.0,0.0,0.0,0.0,0.0,1.0,2.0,1.0,1.0,6.0,1.0,2.0,1.0,2.0,1.0,2.0,5.0,1.0,2.0,2.0,3.0,2.0,1.0,0.0,1.0
47,0.0,0.0,0.0,0.0,0.0,0.0,0.0,0.0,1.0,2.0,1.0,2.0,3.0,3.0,2.0,2.0,4.0,1.0,2.0,1.0,4.0,1.0,4.0,1.0,0.0,1.0,1.0,1.0
48,0.0,0.0,0.0,0.0,0.0,0.0,0.0,0.0,3.0,2.0,0.0,1.0,0.0,1.0,2.0,3.0,3.0,4.0,1.0,1.0,0.0,3.0,4.0,1.0,4.0,5.0,1.0,4.0
49,0.0,0.0,0.0,0.0,0.0,0.0,0.0,0.0,4.0,5.0,4.0,2.0,1.0,3.0,2.0,3.0,1.0,2.0,1.0,2.0,1.0,1.0,1.0,1.0,3.0,3.0,1.0,2.0
50,0.0,0.0,0.0,0.0,0.0,0.0,0.0,0.0,0.0,2.0,3.0,0.0,3.0,2.0,3.0,3.0,2.0,3.0,3.0,2.0,2.0,3.0,1.0,0.0,2.0,1.0,4.0,1.0
51,0.0,0.0,0.0,0.0,0.0,0.0,0.0,0.0,3.0,3.0,2.0,2.0,4.0,1.0,2.0,2.0,1.0,5.0,4.0,1.0,3.0,2.0,1.0,5.0,2.0,1.0,2.0,0.0
52,0.0,0.0,0.0,0.0,0.0,0.0,0.0,0.0,1.0,2.0,1.0,1.0,0.0,6.0,1.0,3.0,2.0,0.0,0.0,4.0,1.0,2.0,2.0,2.0,1.0,0.0,4.0,2.0
53,0.0,0.0,0.0,0.0,0.0,0.0,0.0,0.0,2.0,2.0,1.0,5.0,1.0,1.0,3.0,1.0,4.0,1.0,2.0,1.0,2.0,0.0,2.0,4.0,1.0,3.0,2.0,2.0
54,0.0,0.0,0.0,0.0,0.0,0.0,0.0,0.0,2.0,3.0,0.0,3.0,2.0,2.0,2.0,3.0,3.0,1.0,1.0,0.0,4.0,1.0,4.0,1.0,1.0,4.0,2.0,2.0
55,0.0,0.0,0.0,0.0,0.0,0.0,0.0,0.0,2.0,4.0,0.0,1.0,2.0,3.0,1.0,2.0,2.0,1.0,2.0,2.0,0.0,3.0,0.0,1.0,3.0,1.0,4.0,3.0
56,0.0,0.0,0.0,0.0,0.0,0.0,0.0,0.0,3.0,5.0,5.0,0.0,2.0,1.0,2.0,1.0,1.0,2.0,0.0,0.0,2.0,0.0,4.0,2.0,1.0,0.0,1.0,1.0
57,0.0,0.0,0.0,0.0,0.0,0.0,0.0,0.0,0.0,0.0,4.0,1.0,0.0,5.0,2.0,0.0,2.0,3.0,2.0,3.0,0.0,3.0,1.0,0.0,2.0,1.0,0.0,0.0
58,0.0,0.0,0.0,0.0,0.0,0.0,0.0,0.0,1.0,2.0,3.0,3.0,2.0,3.0,1.0,1.0,1.0,2.0,1.0,2.0,2.0,2.0,1.0,1.0,2.0,4.0,1.0,2.0
59,0.0,0.0,0.0,0.0,0.0,0.0,0.0,0.0,3.0,2.0,0.0,3.0,4.0,2.0,1.0,2.0,2.0,4.0,7.0,2.0,5.0,2.0,0.0,6.0,1.0,3.0,0.0,4.0
60,0.0,0.0,0.0,0.0,0.0,0.0,0.0,0.0,2.0,2.0,2.0,2.0,2.0,0.0,4.0,2.0,3.0,1.0,3.0,3.0,0.0,1.0,1.0,2.0,4.0,2.0,2.0,2.0
61,0.0,0.0,0.0,0.0,0.0,0.0,0.0,0.0,1.0,1.0,4.0,3.0,1.0,0.0,2.0,3.0,2.0,4.0,3.0,2.0,1.0,2.0,1.0,1.0,2.0,3.0,3.0,3.0
62,0.0,0.0,0.0,0.0,0.0,0.0,0.0,0.0,4.0,1.0,3.0,2.0,0.0,2.0,1.0,3.0,1.0,1.0,1.0,1.0,5.0,5.0,3.0,1.0,1.0,2.0,1.0,2.0
63,0.0,0.0,0.0,0.0,0.0,0.0,0.0,0.0,2.0,3.0,3.0,3.0,2.0,4.0,2.0,4.0,0.0,2.0,2.0,6.0,2.0,0.0,0.0,0.0,0.0,2.0,2.0,3.0
64,0.0,0.0,0.0,0.0,0.0,0.0,0.0,0.0,3.0,2.0,3.0,1.0,1.0,3.0,2.0,2.0,2.0,3.0,3.0,1.0,4.0,2.0,3.0,1.0,3.0,0.0,2.0,0.0
65,0.0,0.0,0.0,0.0,0.0,0.0,0.0,0.0,0.0,4.0,1.0,0.0,3.0,1.0,2.0,1.0,4.0,1.0,4.0,1.0,1.0,0.0,1.0,1.0,3.0,0.0,3.0,1.0
66,0.0,0.0,0.0,0.0,0.0,0.0,0.0,0.0,0.0,1.0,4.0,2.0,5.0,0.0,2.0,1.0,1.0,1.0,2.0,5.0,1.0,1.0,2.0,3.0,1.0,0.0,5.0,2.0
67,0.0,0.0,0.0,0.0,0.0,0.0,0.0,0.0,2.0,3.0,1.0,2.0,2.0,3.0,1.0,2.0,4.0,2.0,1.0,1.0,0.0,1.0,5.0,1.0,3.0,2.0,2.0,2.0
68,0.0,0.0,0.0,0.0,0.0,0.0,0.0,0.0,2.0,1.0,3.0,1.0,1.0,1.0,1.0,1.0,1.0,4.0,2.0,2.0,1.0,2.0,2.0,2.0,1.0,2.0,0.0,4.0
69,0.0,0.0,0.0,0.0,0.0,0.0,0.0,0.0,3.0,2.0,1.0,3.0,0.0,6.0,2.0,0.0,2.0,0.0,2.0,1.0,1.0,4.0,0.0,4.0,0.0,2.0,2.0,2.0
70,0.0,0.0,0.0,0.0,0.0,0.0,0.0,0.0,3.0,2.0,1.0,2.0,1.0,3.0,3.0,2.0,2.0,4.0,4.0,2.0,4.0,1.0,1.0,0.0,3.0,2.0,2.0,0.0
71,0.0,0.0,0.0,0.0,0.0,0.0,1.0,0.0,1.0,2.0,5.0,2.0,3.0,1.0,2.0,5.0,5.0,2.0,2.0,3.0,1.0,1.0,1.0,1.0,4.0,2.0,2.0,2.0
72,0.0,0.0,0.0,0.0,0.0,1.0,0.0,0.0,0.0,2.0,2.0,2.0,4.0,1.0,2.0,1.0,1.0,0.0,1.0,0.0,2.0,3.0,2.0,5.0,3.0,2.0,1.0,2.0
73,0.0,0.0,0.0,0.0,0.0,0.0,0.0,0.0,5.0,4.0,1.0,2.0,1.0,1.0,3.0,3.0,2.0,1.0,0.0,1.0,2.0,1.0,2.0,1.0,1.0,0.0,1.0,3.0
74,0.0,0.0,0.0,0.0,0.0,0.0,0.0,0.0,1.0,2.0,1.0,3.0,1.0,3.0,2.0,2.0,0.0,1.0,1.0,4.0,1.0,2.0,3.0,3.0,1.0,2.0,6.0,4.0
75,0.0,0.0,0.0,0.0,1.0,0.0,2.0,0.0,1.0,2.0,0.0,3.0,2.0,2.0,2.0,1.0,2.0,3.0,0.0,2.0,1.0,4.0,2.0,1.0,2.0,4.0,0.0,0.0
76,0.0,0.0,0.0,0.0,0.0,1.0,2.0,0.0,5.0,1.0,2.0,3.0,3.0,3.0,4.0,1.0,4.0,2.0,3.0,2.0,2.0,3.0,0.0,2.0,2.0,3.0,2.0,2.0
77,0.0,0.0,0.0,0.0,0.0,0.0,1.0,0.0,0.0,3.0,2.0,3.0,3.0,3.0,3.0,2.0,1.0,2.0,2.0,2.0,1.0,1.0,3.0,0.0,2.0,2.0,0.0,2.0
78,0.0,0.0,0.0,0.0,1.0,0.0,0.0,1.0,3.0,2.0,3.0,4.0,4.0,2.0,2.0,3.0,2.0,2.0,2.0,2.0,4.0,2.0,2.0,2.0,0.0,2.0,4.0,3.0
79,0.0,0.0,0.0,0.0,3.0,0.0,0.0,1.0,3.0,2.0,1.0,2.0,3.0,2.0,1.0,3.0,2.0,2.0,1.0,1.0,4.0,3.0,2.0,1.0,1.0,3.0,2.0,0.0
80,0.0,0.0,0.0,0.0,0.0,0.0,0.0,0.0,2.0,2.0,4.0,1.0,1.0,1.0,2.0,1.0,1.0,2.0,2.0,5.0,0.0,0.0,1.0,2.0,1.0,2.0,2.0,3.0
81,0.0,0.0,0.0,0.0,1.0,1.0,1.0,1.0,2.0,4.0,2.0,1.0,2.0,0.0,2.0,3.0,3.0,2.0,1.0,4.0,2.0,3.0,2.0,2.0,0.0,2.0,1.0,1.0
82,0.0,0.0,0.0,0.0,1.0,1.0,2.0,0.0,0.0,3.0,0.0,1.0,5.0,1.0,3.0,2.0,0.0,0.0,0.0,2.0,2.0,2.0,2.0,1.0,4.0,1.0,1.0,1.0
83,0.0,0.0,0.0,0.0,0.0,1.0,0.0,0.0,0.0,1.0,1.0,2.0,2.0,2.0,2.0,0.0,1.0,1.0,2.0,2.0,2.0,2.0,1.0,1.0,0.0,2.0,3.0,2.0
84,0.0,0.0,0.0,0.0,0.0,1.0,2.0,0.0,2.0,1.0,2.0,3.0,0.0,3.0,0.0,2.0,3.0,4.0,1.0,0.0,0.0,0.0,2.0,1.0,1.0,2.0,2.0,3.0
85,0.0,0.0,0.0,0.0,2.0,1.0,2.0,1.0,3.0,0.0,1.0,2.0,3.0,2.0,4.0,4.0,1.0,2.0,3.0,0.0,2.0,1.0,4.0,2.0,0.0,2.0,0.0,1.0
86,0.0,0.0,0.0,0.0,0.0,3.0,0.0,0.0,1.0,2.0,2.0,1.0,2.0,2.0,3.0,1.0,2.0,1.0,2.0,2.0,3.0,0.0,2.0,1.0,2.0,2.0,1.0,1.0
87,0.0,0.0,0.0,0.0,0.0,0.0,0.0,1.0,3.0,1.0,4.0,2.0,1.0,3.0,2.0,1.0,3.0,4.0,2.0,2.0,0.0,3.0,2.0,0.0,0.0,1.0,2.0,1.0
88,0.0,0.0,0.0,0.0,1.0,4.0,1.0,0.0,0.0,1.0,3.0,1.0,2.0,3.0,1.0,1.0,5.0,0.0,2.0,2.0,2.0,3.0,2.0,2.0,3.0,2.0,2.0,1.0
89,0.0,0.0,0.0,0.0,1.0,0.0,1.0,0.0,0.0,3.0,1.0,2.0,2.0,1.0,0.0,3.0,0.0,0.0,2.0,1.0,0.0,3.0,2.0,2.0,1.0,0.0,0.0,1.0
90,0.0,0.0,0.0,0.0,0.0,0.0,0.0,2.0,1.0,8.0,2.0,1.0,1.0,0.0,1.0,0.0,0.0,0.0,0.0,4.0,1.0,1.0,1.0,2.0,1.0,4.0,3.0,4.0
91,0.0,0.0,0.0,0.0,2.0,1.0,0.0,1.0,3.0,2.0,2.0,1.0,1.0,4.0,2.0,0.0,0.0,3.0,2.0,0.0,2.0,2.0,1.0,3.0,3.0,3.0,0.0,2.0
92,1.0,0.0,0.0,0.0,1.0,0.0,1.0,1.0,3.0,0.0,1.0,1.0,2.0,2.0,0.0,3.0,3.0,0.0,1.0,0.0,2.0,1.0,5.0,3.0,1.0,1.0,4.0,2.0
93,0.0,1.0,0.0,1.0,0.0,1.0,0.0,1.0,1.0,2.0,3.0,2.0,2.0,3.0,3.0,0.0,2.0,0.0,1.0,3.0,3.0,1.0,1.0,0.0,2.0,2.0,0.0,1.0
94,1.0,0.0,0.0,0.0,2.0,0.0,1.0,2.0,2.0,1.0,2.0,5.0,3.0,1.0,5.0,4.0,4.0,1.0,1.0,1.0,2.0,4.0,1.0,2.0,1.0,0.0,2.0,0.0
95,0.0,0.0,0.0,1.0,0.0,2.0,2.0,1.0,1.0,3.0,1.0,0.0,2.0,0.0,3.0,0.0,1.0,1.0,4.0,1.0,0.0,1.0,1.0,3.0,0.0,1.0,2.0,2.0
96,1.0,1.0,0.0,0.0,1.0,0.0,1.0,2.0,1.0,5.0,2.0,1.0,1.0,2.0,2.0,2.0,3.0,1.0,4.0,1.0,1.0,2.0,0.0,3.0,5.0,4.0,2.0,4.0
97,0.0,0.0,1.0,2.0,2.0,1.0,2.0,1.0,0.0,1.0,1.0,2.0,2.0,3.0,0.0,1.0,1.0,1.0,0.0,3.0,4.0,0.0,2.0,1.0,2.0,2.0,1.0,1.0
98,0.0,1.0,1.0,1.0,3.0,1.0,3.0,2.0,1.0,4.0,4.0,0.0,2.0,4.0,1.0,4.0,2.0,2.0,3.0,0.0,1.0,0.0,5.0,2.0,0.0,3.0,3.0,1.0
99,0.0,0.0,0.0,0.0,0.0,3.0,0.0,0.0,2.0,2.0,4.0,2.0,2.0,5.0,1.0,2.0,3.0,1.0,1.0,2.0,3.0,1.0,4.0,0.0,2.0,2.0,1.0,2.0
100,0.0,1.0,1.0,1.0,1.0,2.0,1.0,0.0,2.0,1.0,2.0,5.0,1.0,2.0,2.0,3.0,1.0,3.0,0.0,2.0,1.0,3.0,0.0,1.0,2.0,2.0,0.0,1.0
101,2.0,0.0,0.0,0.0,3.0,2.0,1.0,0.0,4.0,5.0,1.0,2.0,1.0,1.0,3.0,2.0,2.0,4.0,1.0,1.0,0.0,3.0,2.0,2.0,0.0,0.0,3.0,0.0
102,0.0,0.0,1.0,1.0,2.0,2.0,1.0,3.0,0.0,2.0,1.0,2.0,1.0,2.0,2.0,2.0,2.0,4.0,2.0,3.0,4.0,1.0,1.0,5.0,2.0,4.0,2.0,3.0
103,0.0,0.0,0.0,0.0,1.0,3.0,2.0,0.0,1.0,1.0,1.0,3.0,1.0,1.0,3.0,0.0,3.0,1.0,2.0,1.0,1.0,5.0,1.0,1.0,1.0,2.0,3.0,0.0
104,0.0,0.0,0.0,0.0,1.0,1.0,2.0,1.0,2.0,3.0,0.0,1.0,4.0,2.0,2.0,1.0,1.0,0.0,0.0,0.0,2.0,1.0,1.0,2.0,3.0,0.0,2.0,3.0
105,1.0,1.0,0.0,0.0,0.0,0.0,1.0,0.0,2.0,3.0,4.0,1.0,3.0,2.0,0.0,1.0,3.0,2.0,4.0,4.0,2.0,0.0,2.0,2.0,2.0,1.0,0.0,4.0
106,0.0,0.0,0.0,1.0,0.0,0.0,0.0,1.0,1.0,3.0,4.0,3.0,4.0,3.0,3.0,1.0,2.0,0.0,1.0,2.0,0.0,1.0,3.0,1.0,1.0,1.0,3.0,2.0
107,0.0,1.0,0.0,1.0,0.0,0.0,0.0,0.0,2.0,1.0,2.0,1.0,1.0,1.0,1.0,5.0,3.0,1.0,0.0,1.0,0.0,3.0,2.0,1.0,2.0,2.0,4.0,1.0
108,0.0,0.0,1.0,0.0,1.0,1.0,3.0,1.0,1.0,3.0,4.0,2.0,1.0,3.0,2.0,1.0,1.0,3.0,3.0,1.0,0.0,1.0,0.0,3.0,1.0,2.0,1.0,1.0
109,0.0,1.0,0.0,0.0,0.0,2.0,0.0,0.0,2.0,1.0,1.0,4.0,0.0,1.0,5.0,2.0,2.0,6.0,2.0,2.0,2.0,1.0,4.0,2.0,3.0,1.0,1.0,0.0
110,0.0,1.0,0.0,0.0,1.0,1.0,0.0,1.0,4.0,2.0,0.0,3.0,2.0,1.0,1.0,3.0,3.0,1.0,1.0,0.0,3.0,2.0,2.0,2.0,0.0,4.0,1.0,1.0
111,1.0,0.0,0.0,0.0,0.0,0.0,0.0,1.0,1.0,1.0,1.0,2.0,2.0,4.0,0.0,1.0,2.0,3.0,1.0,2.0,3.0,2.0,2.0,1.0,0.0,2.0,1.0,1.0
112,0.0,0.0,2.0,2.0,0.0,1.0,1.0,2.0,1.0,3.0,1.0,2.0,1.0,4.0,1.0,2.0,3.0,2.0,1.0,0.0,0.0,2.0,1.0,1.0,1.0,2.0,2.0,3.0
113,0.0,3.0,0.0,1.0,2.0,0.0,1.0,0.0,1.0,1.0,3.0,3.0,2.0,0.0,2.0,2.0,2.0,2.0,2.0,2.0,1.0,2.0,2.0,2.0,1.0,1.0,1.0,0.0
114,0.0,1.0,0.0,0.0,0.0,0.0,0.0,1.0,1.0,2.0,1.0,2.0,3.0,0.0,2.0,1.0,1.0,1.0,3.0,4.0,4.0,1.0,2.0,3.0,1.0,0.0,2.0,5.0
115,0.0,2.0,0.0,0.0,0.0,0.0,0.0,0.0,2.0,0.0,2.0,1.0,0.0,2.0,2.0,1.0,2.0,4.0,4.0,0.0,2.0,1.0,1.0,3.0,1.0,1.0,4.0,3.0
116,3.0,1.0,0.0,0.0,0.0,0.0,0.0,1.0,4.0,2.0,5.0,2.0,2.0,0.0,0.0,1.0,2.0,0.0,0.0,1.0,2.0,3.0,2.0,0.0,2.0,4.0,1.0,1.0
117,0.0,1.0,0.0,0.0,0.0,0.0,0.0,0.0,1.0,0.0,1.0,3.0,2.0,3.0,3.0,1.0,1.0,2.0,2.0,2.0,5.0,0.0,1.0,2.0,3.0,2.0,4.0,2.0
118,0.0,0.0,0.0,1.0,0.0,0.0,0.0,2.0,2.0,1.0,2.0,2.0,0.0,3.0,0.0,3.0,1.0,1.0,3.0,1.0,2.0,2.0,5.0,3.0,2.0,1.0,1.0,2.0
119,0.0,0.0,0.0,0.0,1.0,0.0,0.0,0.0,2.0,1.0,1.0,5.0,3.0,0.0,3.0,2.0,3.0,3.0,0.0,3.0,1.0,3.0,2.0,2.0,2.0,2.0,4.0,4.0
120,1.0,0.0,0.0,1.0,1.0,0.0,1.0,1.0,2.0,4.0,5.0,0.0,2.0,3.0,1.0,0.0,0.0,1.0,1.0,2.0,0.0,4.0,1.0,0.0,2.0,3.0,1.0,1.0
121,0.0,0.0,1.0,0.0,0.0,0.0,0.0,1.0,2.0,4.0,1.0,2.0,2.0,2.0,1.0,1.0,3.0,1.0,4.0,1.0,3.0,3.0,2.0,0.0,1.0,1.0,0.0,2.0
122,0.0,0.0,1.0,1.0,0.0,1.0,1.0,0.0,2.0,0.0,1.0,1.0,1.0,4.0,1.0,2.0,1.0,2.0,2.0,3.0,3.0,0.0,1.0,4.0,4.0,2.0,2.0,2.0
123,0.0,0.0,2.0,0.0,0.0,0.0,1.0,0.0,2.0,1.0,2.0,2.0,5.0,2.0,2.0,2.0,3.0,2.0,1.0,2.0,0.0,2.0,2.0,2.0,2.0,2.0,2.0,2.0
124,1.0,0.0,0.0,0.0,1.0,0.0,0.0,1.0,1.0,2.0,1.0,0.0,1.0,3.0,6.0,1.0,2.0,3.0,1.0,2.0,2.0,1.0,5.0,4.0,1.0,3.0,4.0,1.0
125,0.0,0.0,1.0,0.0,0.0,1.0,0.0,1.0,4.0,3.0,5.0,5.0,5.0,0.0,1.0,0.0,2.0,3.0,1.0,2.0,1.0,2.0,2.0,1.0,2.0,0.0,1.0,0.0
126,1.0,0.0,0.0,1.0,2.0,0.0,0.0,0.0,1.0,3.0,2.0,1.0,2.0,1.0,4.0,3.0,3.0,2.0,1.0,1.0,3.0,3.0,2.0,1.0,4.0,1.0,0.0,3.0
127,0.0,2.0,0.0,1.0,0.0,0.0,0.0,0.0,5.0,3.0,3.0,1.0,1.0,4.0,2.0,0.0,0.0,0.0,1.0,2.0,3.0,2.0,2.0,3.0,3.0,0.0,4.0,4.0
128,1.0,0.0,1.0,0.0,0.0,0.0,0.0,0.0,0.0,2.0,2.0,2.0,3.0,2.0,1.0,3.0,4.0,2.0,3.0,0.0,3.0,2.0,3.0,2.0,1.0,4.0,3.0,1.0
129,1.0,0.0,0.0,0.0,0.0,0.0,0.0,0.0,1.0,3.0,2.0,3.0,2.0,3.0,3.0,1.0,1.0,3.0,0.0,3.0,1.0,1.0,1.0,4.0,0.0,3.0,2.0,2.0
130,0.0,0.0,1.0,0.0,0.0,0.0,0.0,0.0,1.0,0.0,4.0,2.0,2.0,5.0,1.0,2.0,1.0,2.0,2.0,2.0,2.0,0.0,3.0,3.0,3.0,3.0,2.0,1.0
131,0.0,0.0,0.0,0.0,0.0,0.0,0.0,0.0,1.0,1.0,2.0,2.0,2.0,1.0,2.0,6.0,3.0,2.0,0.0,3.0,3.0,3.0,2.0,1.0,1.0,1.0,2.0,3.0
132,0.0,0.0,0.0,0.0,0.0,0.0,1.0,0.0,3.0,0.0,1.0,2.0,3.0,1.0,2.0,2.0,0.0,3.0,4.0,1.0,2.0,2.0,1.0,3.0,5.0,2.0,4.0,2.0
133,0.0,0.0,1.0,0.0,0.0,0.0,1.0,1.0,6.0,6.0,0.0,1.0,1.0,1.0,2.0,2.0,2.0,0.0,3.0,2.0,1.0,3.0,7.0,2.0,1.0,2.0,0.0,0.0
134,0.0,0.0,0.0,0.0,0.0,0.0,0.0,1.0,0.0,3.0,5.0,1.0,2.0,0.0,5.0,3.0,1.0,1.0,3.0,0.0,2.0,4.0,1.0,0.0,2.0,5.0,5.0,2.0
135,0.0,0.0,0.0,0.0,1.0,0.0,0.0,0.0,1.0,0.0,5.0,3.0,3.0,2.0,1.0,0.0,3.0,3.0,1.0,5.0,1.0,0.0,5.0,1.0,1.0,5.0,1.0,2.0
136,0.0,1.0,0.0,0.0,0.0,1.0,0.0,0.0,1.0,2.0,2.0,2.0,2.0,4.0,1.0,3.0,0.0,0.0,1.0,1.0,1.0,1.0,1.0,2.0,2.0,0.0,2.0,3.0
137,1.0,0.0,1.0,0.0,0.0,0.0,0.0,0.0,2.0,0.0,2.0,2.0,3.0,4.0,2.0,2.0,0.0,2.0,3.0,4.0,2.0,3.0,1.0,3.0,3.0,0.0,2.0,1.0
138,0.0,1.0,0.0,0.0,0.0,0.0,1.0,0.0,6.0,4.0,1.0,3.0,1.0,0.0,2.0,1.0,1.0,4.0,4.0,1.0,4.0,2.0,3.0,4.0,1.0,1.0,1.0,1.0
139,0.0,0.0,0.0,0.0,1.0,0.0,0.0,0.0,1.0,1.0,3.0,1.0,1.0,1.0,3.0,1.0,3.0,1.0,2.0,1.0,2.0,1.0,1.0,2.0,0.0,1.0,0.0,2.0
140,0.0,0.0,0.0,0.0,0.0,0.0,0.0,0.0,1.0,2.0,3.0,3.0,2.0,3.0,4.0,3.0,1.0,2.0,2.0,0.0,0.0,1.0,0.0,0.0,0.0,1.0,3.0,1.0
141,1.0,0.0,2.0,0.0,1.0,0.0,0.0,0.0,1.0,1.0,2.0,2.0,4.0,2.0,0.0,2.0,0.0,3.0,3.0,2.0,3.0,1.0,3.0,3.0,5.0,1.0,5.0,2.0
142,0.0,0.0,0.0,2.0,1.0,1.0,0.0,1.0,1.0,2.0,2.0,0.0,3.0,4.0,3.0,3.0,2.0,1.0,1.0,3.0,1.0,2.0,2.0,2.0,0.0,6.0,1.0,3.0
143,0.0,0.0,0.0,0.0,1.0,0.0,0.0,1.0,5.0,3.0,0.0,3.0,1.0,3.0,3.0,4.0,0.0,2.0,0.0,3.0,4.0,0.0,4.0,2.0,3.0,4.0,2.0,1.0
144,0.0,0.0,0.0,0.0,0.0,0.0,0.0,0.0,2.0,4.0,3.0,2.0,3.0,0.0,2.0,1.0,1.0,2.0,2.0,0.0,0.0,3.0,3.0,0.0,3.0,1.0,2.0,4.0
145,0.0,0.0,0.0,0.0,0.0,1.0,1.0,0.0,1.0,1.0,1.0,5.0,1.0,3.0,1.0,2.0,3.0,2.0,5.0,1.0,1.0,2.0,0.0,3.0,1.0,1.0,2.0,2.0
146,0.0,0.0,0.0,0.0,0.0,1.0,0.0,0.0,1.0,3.0,1.0,3.0,3.0,2.0,1.0,2.0,1.0,2.0,2.0,0.0,1.0,1.0,2.0,2.0,3.0,3.0,2.0,3.0
147,0.0,0.0,0.0,0.0,0.0,0.0,0.0,0.0,2.0,2.0,1.0,1.0,4.0,1.0,1.0,3.0,3.0,2.0,3.0,2.0,2.0,3.0,1.0,3.0,0.0,3.0,2.0,2.0
148,0.0,0.0,0.0,0.0,0.0,0.0,0.0,0.0,2.0,1.0,1.0,2.0,3.0,5.0,4.0,3.0,1.0,3.0,0.0,3.0,1.0,2.0,2.0,1.0,6.0,0.0,1.0,2.0
149,0.0,0.0,0.0,1.0,0.0,0.0,0.0,0.0,3.0,5.0,2.0,1.0,0.0,1.0,1.0,0.0,2.0,2.0,2.0,2.0,5.0,1.0,0.0,4.0,1.0,3.0,1.0,2.0
150,1.0,0.0,0.0,0.0,0.0,0.0,1.0,0.0,0.0,1.0,3.0,3.0,1.0,2.0,3.0,3.0,0.0,3.0,1.0,2.0,2.0,1.0,1.0,1.0,1.0,2.0,5.0,1.0
151,0.0,0.0,0.0,0.0,0.0,0.0,1.0,0.0,2.0,4.0,2.0,2.0,3.0,3.0,2.0,2.0,0.0,1.0,2.0,2.0,1.0,6.0,2.0,2.0,1.0,1.0,2.0,4.0
152,0.0,0.0,1.0,0.0,0.0,1.0,0.0,0.0,1.0,2.0,1.0,3.0,3.0,3.0,2.0,2.0,3.0,1.0,2.0,0.0,3.0,0.0,1.0,3.0,2.0,5.0,0.0,3.0
153,0.0,0.0,0.0,0.0,0.0,0.0,0.0,0.0,2.0,1.0,2.0,3.0,3.0,3.0,5.0,1.0,4.0,2.0,2.0,5.0,0.0,1.0,1.0,0.0,2.0,2.0,2.0,1.0
154,0.0,0.0,0.0,0.0,1.0,1.0,0.0,0.0,2.0,3.0,4.0,1.0,3.0,1.0,1.0,2.0,0.0,2.0,2.0,3.0,2.0,1.0,2.0,1.0,4.0,5.0,0.0,2.0
155,0.0,0.0,0.0,0.0,0.0,0.0,0.0,0.0,1.0,3.0,3.0,1.0,1.0,2.0,1.0,1.0,1.0,5.0,3.0,0.0,5.0,3.0,4.0,3.0,1.0,2.0,4.0,3.0
156,0.0,0.0,0.0,0.0,0.0,0.0,0.0,0.0,3.0,2.0,1.0,2.0,0.0,2.0,3.0,3.0,2.0,3.0,1.0,3.0,3.0,1.0,4.0,1.0,1.0,0.0,0.0,2.0
157,0.0,0.0,0.0,0.0,0.0,0.0,0.0,0.0,3.0,4.0,4.0,1.0,2.0,1.0,4.0,1.0,2.0,2.0,2.0,1.0,0.0,4.0,0.0,4.0,2.0,2.0,2.0,2.0
158,0.0,0.0,0.0,1.0,0.0,0.0,0.0,0.0,2.0,2.0,3.0,5.0,3.0,1.0,1.0,2.0,2.0,4.0,1.0,2.0,3.0,3.0,1.0,1.0,3.0,0.0,3.0,1.0
159,0.0,0.0,0.0,0.0,0.0,1.0,0.0,0.0,1.0,2.0,2.0,3.0,6.0,5.0,1.0,0.0,1.0,1.0,1.0,0.0,2.0,1.0,3.0,4.0,2.0,5.0,2.0,3.0
160,0.0,0.0,0.0,0.0,0.0,0.0,1.0,0.0,2.0,2.0,1.0,2.0,2.0,1.0,2.0,2.0,1.0,0.0,3.0,4.0,3.0,3.0,1.0,1.0,1.0,2.0,0.0,1.0
161,0.0,0.0,0.0,0.0,0.0,0.0,0.0,0.0,1.0,1.0,1.0,4.0,2.0,1.0,2.0,0.0,4.0,3.0,4.0,1.0,0.0,2.0,1.0,2.0,1.0,0.0,2.0,3.0
162,0.0,0.0,0.0,0.0,1.0,0.0,0.0,0.0,3.0,2.0,5.0,1.0,1.0,3.0,2.0,0.0,1.0,3.0,4.0,0.0,1.0,1.0,3.0,2.0,1.0,1.0,3.0,1.0
163,0.0,0.0,0.0,0.0,0.0,0.0,0.0,0.0,1.0,2.0,3.0,1.0,4.0,1.0,3.0,3.0,2.0,4.0,0.0,2.0,5.0,2.0,1.0,4.0,2.0,2.0,2.0,1.0
164,1.0,0.0,0.0,0.0,0.0,1.0,1.0,0.0,3.0,1.0,3.0,0.0,2.0,4.0,2.0,3.0,2.0,2.0,0.0,1.0,0.0,3.0,2.0,1.0,2.0,1.0,1.0,5.0
165,0.0,0.0,0.0,0.0,0.0,0.0,0.0,0.0,1.0,4.0,2.0,2.0,4.0,2.0,0.0,1.0,3.0,1.0,4.0,1.0,6.0,3.0,4.0,0.0,2.0,3.0,2.0,1.0
166,0.0,0.0,0.0,0.0,0.0,0.0,0.0,0.0,1.0,0.0,2.0,4.0,2.0,1.0,3.0,3.0,1.0,1.0,2.0,1.0,2.0,1.0,2.0,2.0,1.0,3.0,1.0,1.0
167,0.0,1.0,0.0,0.0,0.0,0.0,0.0,0.0,2.0,4.0,3.0,2.0,1.0,5.0,3.0,1.0,1.0,3.0,0.0,3.0,1.0,1.0,2.0,1.0,2.0,3.0,4.0,2.0
168,0.0,0.0,0.0,0.0,0.0,0.0,0.0,0.0,2.0,1.0,0.0,2.0,0.0,4.0,4.0,2.0,2.0,1.0,3.0,4.0,3.0,2.0,1.0,6.0,1.0,2.0,6.0,4.0
169,0.0,0.0,0.0,0.0,0.0,0.0,0.0,0.0,2.0,3.0,3.0,1.0,2.0,2.0,1.0,3.0,2.0,1.0,1.0,2.0,3.0,2.0,0.0,1.0,2.0,3.0,0.0,3.0
170,0.0,0.0,0.0,0.0,0.0,0.0,0.0,0.0,1.0,2.0,3.0,0.0,6.0,1.0,0.0,2.0,4.0,1.0,2.0,1.0,2.0,1.0,1.0,1.0,3.0,2.0,1.0,1.0
171,0.0,0.0,0.0,0.0,1.0,0.0,0.0,0.0,3.0,5.0,0.0,4.0,2.0,1.0,4.0,1.0,1.0,2.0,1.0,1.0,1.0,2.0,3.0,1.0,2.0,1.0,2.0,0.0
172,0.0,0.0,0.0,0.0,0.0,0.0,0.0,0.0,1.0,1.0,3.0,1.0,1.0,3.0,0.0,1.0,0.0,3.0,4.0,1.0,0.0,0.0,1.0,2.0,1.0,2.0,4.0,2.0
173,0.0,0.0,0.0,0.0,0.0,0.0,0.0,0.0,2.0,1.0,4.0,1.0,2.0,0.0,1.0,0.0,1.0,0.0,2.0,1.0,4.0,6.0,4.0,3.0,5.0,0.0,2.0,1.0
174,0.0,0.0,0.0,0.0,0.0,0.0,0.0,0.0,1.0,1.0,2.0,5.0,2.0,4.0,4.0,3.0,7.0,2.0,0.0,1.0,3.0,1.0,0.0,3.0,0.0,3.0,1.0,2.0
175,0.0,0.0,0.0,0.0,0.0,0.0,0.0,0.0,1.0,1.0,1.0,0.0,1.0,4.0,3.0,2.0,3.0,2.0,1.0,2.0,2.0,3.0,2.0,1.0,0.0,2.0,3.0,1.0
176,0.0,0.0,0.0,0.0,0.0,0.0,0.0,0.0,3.0,2.0,2.0,2.0,0.0,0.0,0.0,0.0,2.0,1.0,1.0,1.0,1.0,2.0,5.0,0.0,2.0,4.0,3.0,3.0
177,0.0,0.0,0.0,0.0,0.0,0.0,0.0,0.0,3.0,3.0,2.0,2.0,3.0,1.0,1.0,0.0,2.0,3.0,5.0,4.0,2.0,1.0,2.0,2.0,5.0,2.0,2.0,0.0
178,0.0,0.0,0.0,0.0,0.0,0.0,0.0,0.0,1.0,3.0,0.0,1.0,2.0,2.0,2.0,3.0,2.0,1.0,0.0,2.0,1.0,1.0,1.0,0.0,0.0,2.0,0.0,2.0
179,0.0,0.0,0.0,0.0,0.0,0.0,0.0,0.0,2.0,2.0,2.0,2.0,2.0,2.0,3.0,2.0,1.0,5.0,2.0,1.0,0.0,3.0,2.0,3.0,2.0,1.0,2.0,1.0
180,0.0,0.0,0.0,0.0,0.0,0.0,0.0,0.0,2.0,2.0,3.0,4.0,2.0,3.0,5.0,3.0,4.0,0.0,2.0,0.0,3.0,2.0,5.0,2.0,1.0,0.0,1.0,1.0
181,0.0,0.0,0.0,0.0,0.0,0.0,0.0,0.0,2.0,0.0,1.0,1.0,6.0,2.0,3.0,1.0,2.0,0.0,2.0,2.0,1.0,1.0,2.0,1.0,3.0,1.0,2.0,2.0
182,0.0,0.0,0.0,0.0,0.0,0.0,0.0,0.0,2.0,3.0,1.0,3.0,2.0,1.0,1.0,1.0,3.0,3.0,4.0,3.0,3.0,4.0,3.0,2.0,1.0,6.0,2.0,3.0
183,0.0,0.0,0.0,0.0,0.0,0.0,0.0,0.0,1.0,4.0,3.0,0.0,2.0,2.0,2.0,1.0,2.0,3.0,3.0,5.0,4.0,2.0,1.0,4.0,3.0,3.0,3.0,3.0
184,0.0,0.0,0.0,0.0,0.0,0.0,0.0,0.0,3.0,1.0,0.0,4.0,1.0,4.0,1.0,1.0,3.0,3.0,2.0,0.0,3.0,3.0,1.0,5.0,0.0,3.0,3.0,3.0
185,0.0,0.0,0.0,0.0,0.0,0.0,0.0,0.0,2.0,3.0,4.0,1.0,1.0,1.0,5.0,6.0,2.0,2.0,0.0,2.0,0.0,3.0,5.0,2.0,5.0,2.0,3.0,0.0
186,0.0,0.0,0.0,0.0,0.0,0.0,0.0,0.0,4.0,1.0,0.0,3.0,2.0,4.0,1.0,2.0,0.0,3.0,4.0,2.0,3.0,1.0,1.0,0.0,1.0,0.0,2.0,3.0
187,0.0,0.0,0.0,0.0,1.0,0.0,0.0,0.0,1.0,2.0,4.0,3.0,0.0,2.0,2.0,1.0,4.0,2.0,2.0,1.0,2.0,1.0,1.0,0.0,3.0,2.0,1.0,3.0
188,0.0,0.0,0.0,0.0,0.0,1.0,0.0,0.0,1.0,2.0,5.0,0.0,4.0,1.0,1.0,1.0,3.0,1.0,1.0,3.0,2.0,3.0,2.0,0.0,4.0,0.0,1.0,2.0
189,0.0,0.0,0.0,0.0,0.0,0.0,0.0,0.0,1.0,3.0,0.0,4.0,3.0,1.0,2.0,0.0,2.0,1.0,1.0,2.0,1.0,3.0,2.0,2.0,1.0,3.0,2.0,1.0
190,0.0,0.0,0.0,0.0,0.0,0.0,0.0,0.0,1.0,2.0,1.0,3.0,2.0,4.0,3.0,3.0,3.0,3.0,2.0,2.0,3.0,2.0,2.0,2.0,3.0,3.0,4.0,1.0
191,0.0,0.0,0.0,0.0,0.0,0.0,0.0,0.0,3.0,3.0,5.0,1.0,2.0,2.0,4.0,4.0,2.0,2.0,1.0,0.0,0.0,2.0,2.0,3.0,3.0,1.0,0.0,2.0
192,0.0,0.0,0.0,0.0,0.0,0.0,0.0,0.0,1.0,1.0,3.0,4.0,0.0,0.0,2.0,2.0,1.0,2.0,4.0,6.0,4.0,0.0,0.0,2.0,2.0,1.0,2.0,2.0
193,0.0,0.0,0.0,0.0,0.0,0.0,0.0,0.0,2.0,3.0,2.0,2.0,3.0,1.0,2.0,1.0,5.0,3.0,2.0,2.0,3.0,3.0,1.0,0.0,2.0,1.0,1.0,1.0
194,0.0,0.0,0.0,0.0,0.0,0.0,0.0,0.0,3.0,1.0,1.0,0.0,1.0,3.0,0.0,2.0,5.0,3.0,2.0,2.0,4.0,2.0,1.0,0.0,2.0,1.0,2.0,0.0
195,0.0,0.0,0.0,0.0,0.0,0.0,0.0,0.0,3.0,1.0,1.0,3.0,4.0,2.0,6.0,1.0,0.0,2.0,0.0,2.0,1.0,4.0,1.0,5.0,3.0,1.0,1.0,5.0
196,0.0,0.0,0.0,0.0,0.0,1.0,0.0,0.0,1.0,3.0,3.0,3.0,3.0,2.0,2.0,3.0,2.0,1.0,3.0,2.0,2.0,2.0,2.0,2.0,0.0,6.0,3.0,0.0
197,0.0,0.0,0.0,0.0,0.0,0.0,0.0,0.0,2.0,2.0,3.0,3.0,1.0,2.0,0.0,3.0,1.0,1.0,3.0,2.0,4.0,3.0,2.0,3.0,2.0,1.0,1.0,2.0
198,0.0,0.0,0.0,0.0,0.0,0.0,0.0,0.0,2.0,3.0,1.0,2.0,3.0,0.0,1.0,2.0,5.0,3.0,2.0,3.0,3.0,1.0,1.0,0.0,0.0,2.0,0.0,2.0
199,0.0,0.0,0.0,0.0,0.0,0.0,0.0,0.0,4.0,2.0,4.0,1.0,3.0,6.0,0.0,0.0,1.0,2.0,1.0,2.0,2.0,1.0,3.0,3.0,3.0,2.0,3.0,2.0
200,0.0,0.0,0.0,0.0,0.0,0.0,0.0,0.0,2.0,3.0,2.0,1.0,4.0,3.0,4.0,4.0,2.0,2.0,1.0,0.0,4.0,1.0,2.0,3.0,3.0,0.0,2.0,3.0
201,0.0,0.0,0.0,0.0,0.0,0.0,0.0,0.0,1.0,2.0,1.0,4.0,1.0,2.0,4.0,3.0,1.0,4.0,5.0,0.0,2.0,0.0,2.0,0.0,0.0,2.0,1.0,2.0
202,0.0,0.0,0.0,0.0,0.0,0.0,0.0,0.0,3.0,1.0,3.0,0.0,0.0,2.0,1.0,2.0,2.0,1.0,2.0,3.0,0.0,4.0,0.0,1.0,3.0,3.0,2.0,2.0
203,0.0,0.0,0.0,0.0,0.0,0.0,0.0,0.0,0.0,5.0,3.0,4.0,3.0,3.0,1.0,1.0,2.0,0.0,4.0,4.0,1.0,1.0,2.0,2.0,3.0,2.0,1.0,1.0
204,0.0,0.0,0.0,0.0,0.0,0.0,0.0,0.0,2.0,3.0,3.0,2.0,0.0,1.0,2.0,1.0,3.0,3.0,1.0,1.0,1.0,0.0,2.0,2.0,1.0,2.0,1.0,1.0
205,0.0,0.0,0.0,0.0,0.0,0.0,0.0,0.0,5.0,0.0,4.0,2.0,3.0,4.0,1.0,1.0,3.0,2.0,0.0,3.0,1.0,3.0,4.0,3.0,1.0,1.0,3.0,1.0
206,0.0,0.0,0.0,0.0,0.0,0.0,0.0,0.0,0.0,3.0,1.0,1.0,4.0,2.0,3.0,4.0,1.0,1.0,1.0,2.0,2.0,1.0,2.0,0.0,3.0,0.0,3.0,1.0
207,0.0,0.0,0.0,0.0,0.0,0.0,0.0,0.0,1.0,2.0,2.0,3.0,5.0,2.0,1.0,2.0,2.0,2.0,2.0,1.0,3.0,3.0,3.0,2.0,3.0,3.0,3.0,3.0
208,0.0,0.0,0.0,0.0,0.0,0.0,0.0,0.0,2.0,2.0,3.0,0.0,1.0,2.0,2.0,1.0,1.0,0.0,6.0,1.0,3.0,1.0,2.0,4.0,2.0,4.0,0.0,2.0
209,0.0,0.0,0.0,0.0,0.0,0.0,0.0,0.0,0.0,4.0,2.0,1.0,1.0,2.0,4.0,1.0,3.0,4.0,2.0,1.0,1.0,3.0,1.0,1.0,2.0,3.0,0.0,0.0
210,0.0,0.0,0.0,0.0,0.0,0.0,0.0,0.0,1.0,0.0,3.0,1.0,0.0,2.0,2.0,4.0,4.0,2.0,1.0,3.0,0.0,2.0,1.0,2.0,3.0,3.0,5.0,3.0
211,0.0,0.0,0.0,0.0,0.0,0.0,0.0,0.0,4.0,1.0,1.0,3.0,1.0,1.0,0.0,2.0,1.0,1.0,1.0,3.0,4.0,2.0,3.0,2.0,3.0,2.0,3.0,3.0
212,0.0,0.0,0.0,0.0,0.0,0.0,0.0,0.0,2.0,2.0,2.0,4.0,2.0,2.0,2.0,1.0,0.0,2.0,1.0,2.0,3.0,1.0,1.0,2.0,1.0,0.0,1.0,3.0
213,0.0,0.0,0.0,0.0,0.0,1.0,0.0,0.0,1.0,2.0,0.0,2.0,3.0,1.0,0.0,5.0,2.0,4.0,3.0,2.0,4.0,2.0,2.0,2.0,0.0,1.0,3.0,1.0
214,0.0,0.0,0.0,0.0,0.0,0.0,0.0,0.0,2.0,0.0,2.0,0.0,2.0,1.0,2.0,2.0,1.0,0.0,0.0,1.0,4.0,3.0,1.0,1.0,0.0,4.0,3.0,1.0
215,0.0,0.0,0.0,0.0,0.0,0.0,0.0,0.0,0.0,5.0,1.0,1.0,1.0,5.0,4.0,0.0,2.0,4.0,3.0,2.0,0.0,2.0,3.0,2.0,4.0,1.0,2.0,3.0
216,0.0,0.0,0.0,0.0,0.0,0.0,0.0,0.0,0.0,0.0,3.0,2.0,2.0,2.0,1.0,1.0,2.0,2.0,2.0,5.0,2.0,0.0,0.0,1.0,0.0,2.0,1.0,1.0
217,0.0,0.0,0.0,0.0,0.0,0.0,0.0,0.0,3.0,2.0,2.0,2.0,3.0,2.0,3.0,1.0,2.0,1.0,3.0,0.0,2.0,3.0,2.0,3.0,4.0,2.0,2.0,3.0
218,0.0,0.0,0.0,0.0,0.0,0.0,0.0,0.0,4.0,1.0,2.0,4.0,2.0,2.0,4.0,2.0,2.0,1.0,1.0,2.0,1.0,3.0,2.0,0.0,1.0,2.0,2.0,1.0
219,0.0,0.0,0.0,0.0,0.0,0.0,0.0,0.0,2.0,2.0,2.0,2.0,1.0,1.0,2.0,3.0,0.0,1.0,2.0,0.0,3.0,2.0,4.0,2.0,1.0,2.0,1.0,2.0
220,0.0,0.0,0.0,0.0,0.0,0.0,0.0,0.0,1.0,3.0,2.0,2.0,3.0,2.0,2.0,2.0,3.0,1.0,1.0,1.0,1.0,1.0,0.0,2.0,1.0,1.0,0.0,2.0
221,0.0,0.0,0.0,0.0,0.0,0.0,0.0,0.0,0.0,3.0,2.0,1.0,3.0,1.0,1.0,0.0,3.0,1.0,1.0,2.0,1.0,3.0,4.0,2.0,2.0,2.0,2.0,1.0
222,0.0,0.0,0.0,0.0,0.0,0.0,0.0,0.0,2.0,2.0,2.0,2.0,1.0,1.0,2.0,0.0,3.0,2.0,1.0,2.0,3.0,0.0,1.0,3.0,0.0,5.0,2.0,2.0
223,0.0,0.0,0.0,0.0,0.0,0.0,0.0,0.0,2.0,4.0,4.0,1.0,4.0,0.0,3.0,2.0,2.0,2.0,3.0,3.0,2.0,2.0,2.0,1.0,3.0,2.0,1.0,2.0
224,0.0,0.0,0.0,0.0,0.0,0.0,0.0,0.0,3.0,2.0,2.0,0.0,0.0,3.0,3.0,1.0,0.0,3.0,3.0,2.0,1.0,2.0,2.0,4.0,1.0,1.0,2.0,1.0
225,0.0,0.0,0.0,0.0,0.0,0.0,0.0,0.0,2.0,2.0,3.0,1.0,2.0,2.0,0.0,0.0,2.0,2.0,1.0,1.0,0.0,1.0,2.0,1.0,2.0,2.0,4.0,1.0
226,1.0,0.0,0.0,0.0,0.0,0.0,0.0,0.0,1.0,5.0,1.0,4.0,2.0,4.0,3.0,7.0,2.0,1.0,2.0,1.0,1.0,2.0,1.0,1.0,3.0,2.0,3.0,1.0
227,0.0,0.0,0.0,0.0,0.0,0.0,0.0,0.0,1.0,1.0,2.0,2.0,4.0,0.0,2.0,1.0,2.0,2.0,3.0,2.0,1.0,3.0,3.0,2.0,3.0,3.0,4.0,4.0
228,0.0,0.0,0.0,0.0,0.0,0.0,0.0,0.0,0.0,2.0,2.0,0.0,3.0,1.0,3.0,1.0,4.0,2.0,1.0,2.0,1.0,0.0,1.0,3.0,0.0,1.0,1.0,0.0
229,0.0,0.0,0.0,0.0,0.0,0.0,0.0,0.0,3.0,2.0,1.0,0.0,4.0,3.0,1.0,3.0,2.0,2.0,4.0,2.0,3.0,4.0,1.0,0.0,3.0,3.0,3.0,3.0
230,0.0,0.0,0.0,0.0,0.0,0.0,0.0,0.0,3.0,3.0,4.0,0.0,0.0,4.0,2.0,1.0,1.0,1.0,1.0,2.0,1.0,1.0,0.0,5.0,2.0,0.0,1.0,1.0
231,0.0,0.0,0.0,1.0,0.0,0.0,0.0,0.0,2.0,3.0,3.0,6.0,0.0,2.0,1.0,1.0,1.0,1.0,1.0,2.0,2.0,1.0,3.0,0.0,0.0,3.0,1.0,0.0
232,0.0,0.0,0.0,0.0,0.0,0.0,0.0,0.0,2.0,1.0,6.0,6.0,2.0,0.0,1.0,2.0,1.0,2.0,3.0,0.0,1.0,5.0,3.0,4.0,4.0,1.0,6.0,5.0
233,0.0,0.0,0.0,0.0,0.0,0.0,0.0,0.0,2.0,1.0,0.0,0.0,3.0,1.0,0.0,3.0,2.0,5.0,0.0,3.0,0.0,1.0,2.0,2.0,2.0,2.0,1.0,2.0
234,0.0,0.0,0.0,0.0,0.0,0.0,0.0,0.0,2.0,4.0,0.0,0.0,1.0,1.0,3.0,6.0,4.0,1.0,0.0,1.0,2.0,2.0,2.0,2.0,1.0,1.0,2.0,2.0
235,0.0,0.0,0.0,0.0,0.0,0.0,0.0,0.0,0.0,2.0,4.0,2.0,4.0,2.0,2.0,0.0,3.0,2.0,3.0,1.0,5.0,0.0,1.0,1.0,3.0,3.0,0.0,4.0
236,0.0,0.0,0.0,0.0,0.0,0.0,0.0,0.0,4.0,3.0,0.0,1.0,3.0,1.0,2.0,2.0,0.0,1.0,6.0,2.0,2.0,2.0,3.0,3.0,0.0,2.0,0.0,0.0
237,0.0,0.0,0.0,0.0,0.0,0.0,0.0,0.0,2.0,2.0,4.0,3.0,5.0,1.0,3.0,1.0,1.0,3.0,1.0,2.0,1.0,2.0,2.0,2.0,2.0,2.0,2.0,1.0
238,0.0,0.0,0.0,0.0,0.0,0.0,0.0,0.0,3.0,1.0,3.0,2.0,2.0,5.0,3.0,2.0,1.0,1.0,1.0,2.0,0.0,2.0,2.0,4.0,3.0,2.0,2.0,2.0
